location,PreExperiment.started,PreExperiment.stopped,date,expName,psychopyVersion,OS,frameRate,id,participant,PracInstruc.started,PracInstruc.stopped,PracInstruct2.started,PracInstruct2.stopped,fixation.started,fixation.stopped,fixDuration,trial.started,trial.stopped,resp.keys,resp.corr,resp.rt,resp.duration,feedback.started,feedback.stopped,pracLoop.thisRepN,pracLoop.thisTrialN,pracLoop.thisN,pracLoop.thisIndex,pracLoop.ran,cue,tar,pos_loc,corrAns,targOrientation,MainInstruc.started,MainInstruc.stopped,instResp.keys,instResp.rt,instResp.duration,mainLoop.thisRepN,mainLoop.thisTrialN,mainLoop.thisN,mainLoop.thisIndex,mainLoop.ran,Rest.started,Rest.stopped,blockLoop.thisRepN,blockLoop.thisTrialN,blockLoop.thisN,blockLoop.thisIndex,blockLoop.ran,End.started,End.stopped
1,0.0001,19.4123,2026-03-11_19h29.37.075,ant_ver113,2025.2.3,MacIntel,59.52380952,117632,117632,,,,,,,,,,,,,,,,,,,,,,,,,,,,,,,,,,,,,,,,,,,,
1,,,2026-03-11_19h29.37.075,ant_ver113,2025.2.3,MacIntel,59.52380952,117632,117632,19.4127,41.4451,,,,,,,,,,,,,,,,,,,,,,,,,,,,,,,,,,,,,,,,,,
1,,,2026-03-11_19h29.37.075,ant_ver113,2025.2.3,MacIntel,59.52380952,117632,117632,,,41.4453,82.5119,,,,,,,,,,,,,,,,,,,,,,,,,,,,,,,,,,,,,,,,
1,,,2026-03-11_19h29.37.075,ant_ver113,2025.2.3,MacIntel,59.52380952,117632,117632,,,,,82.5311,83.7274,1.2,83.7287,87.7274,left,1,0.8374,,87.7277,88.7272,0,0,0,17,1,stim/both.png,stim/neutralLeft.png,-1,left,0,,,,,,,,,,,,,,,,,,,
1,,,2026-03-11_19h29.37.075,ant_ver113,2025.2.3,MacIntel,59.52380952,117632,117632,,,,,88.7279,89.927,1.2,89.9278,93.9281,left,1,1.1225,,93.9291,94.928,0,1,1,1,1,stim/both.png,stim/incongLeft.png,1,left,0,,,,,,,,,,,,,,,,,,,
1,,,2026-03-11_19h29.37.075,ant_ver113,2025.2.3,MacIntel,59.52380952,117632,117632,,,,,94.9286,95.7779,0.85,95.7785,99.778,left,1,0.4764,,99.7789,100.7771,0,2,2,8,1,stim/upper.png,stim/neutralLeft.png,1,left,0,,,,,,,,,,,,,,,,,,,
1,,,2026-03-11_19h29.37.075,ant_ver113,2025.2.3,MacIntel,59.52380952,117632,117632,,,,,100.7776,102.078,1.3,102.0787,106.078,left,1,0.5752,,106.0788,107.078,0,3,3,9,1,stim/centre.png,stim/congLeft.png,-1,left,0,,,,,,,,,,,,,,,,,,,
1,,,2026-03-11_19h29.37.075,ant_ver113,2025.2.3,MacIntel,59.52380952,117632,117632,,,,,107.0785,107.727,0.65,107.7279,111.7279,left,0,0.5067,,111.7288,112.7279,0,4,4,7,1,stim/blank.png,stim/incongRight.png,-1,right,0,,,,,,,,,,,,,,,,,,,
1,,,2026-03-11_19h29.37.075,ant_ver113,2025.2.3,MacIntel,59.52380952,117632,117632,,,,,112.7284,113.8271,1.1,113.8277,117.828,left,1,0.64,,117.8288,118.828,0,5,5,6,1,stim/blank.png,stim/congLeft.png,1,left,0,,,,,,,,,,,,,,,,,,,
1,,,2026-03-11_19h29.37.075,ant_ver113,2025.2.3,MacIntel,59.52380952,117632,117632,,,,,118.8285,119.4779,0.65,119.4786,123.477,right,1,0.6462,,123.4779,124.4779,0,6,6,18,1,stim/blank.png,stim/congRight.png,-1,right,0,,,,,,,,,,,,,,,,,,,
1,,,2026-03-11_19h29.37.075,ant_ver113,2025.2.3,MacIntel,59.52380952,117632,117632,,,,,124.4784,125.0779,0.6,125.0786,129.0779,right,1,0.4939,,129.0788,130.078,0,7,7,0,1,stim/centre.png,stim/congRight.png,-1,right,0,,,,,,,,,,,,,,,,,,,
1,,,2026-03-11_19h29.37.075,ant_ver113,2025.2.3,MacIntel,59.52380952,117632,117632,,,,,130.0785,131.0779,1,131.0786,135.077,left,1,0.5714,,135.0779,136.0779,0,8,8,16,1,stim/blank.png,stim/incongLeft.png,-1,left,0,,,,,,,,,,,,,,,,,,,
1,,,2026-03-11_19h29.37.075,ant_ver113,2025.2.3,MacIntel,59.52380952,117632,117632,,,,,136.0784,137.4778,1.4,137.4786,141.477,left,1,0.443,,141.4777,142.4771,0,9,9,4,1,stim/centre.png,stim/congLeft.png,1,left,0,,,,,,,,,,,,,,,,,,,
1,,,2026-03-11_19h29.37.075,ant_ver113,2025.2.3,MacIntel,59.52380952,117632,117632,,,,,142.4777,143.2278,0.75,143.2284,147.2278,left,1,0.5083,,147.2286,148.2269,0,10,10,14,1,stim/centre.png,stim/neutralLeft.png,-1,left,0,,,,,,,,,,,,,,,,,,,
1,,,2026-03-11_19h29.37.075,ant_ver113,2025.2.3,MacIntel,59.52380952,117632,117632,,,,,148.2274,148.8778,0.65,148.8785,152.8778,left,1,0.5555,,152.8785,153.8779,0,11,11,22,1,stim/centre.png,stim/neutralLeft.png,1,left,0,,,,,,,,,,,,,,,,,,,
1,,,2026-03-11_19h29.37.075,ant_ver113,2025.2.3,MacIntel,59.52380952,117632,117632,,,,,153.8783,154.9769,1.1,154.9776,158.9778,right,1,0.5335,,158.9787,159.977,0,12,12,2,1,stim/centre.png,stim/congRight.png,1,right,0,,,,,,,,,,,,,,,,,,,
1,,,2026-03-11_19h29.37.075,ant_ver113,2025.2.3,MacIntel,59.52380952,117632,117632,,,,,159.9774,160.9769,1,160.9775,164.9776,left,0,0.4423,,164.9781,165.9778,0,13,13,3,1,stim/both.png,stim/incongRight.png,-1,right,0,,,,,,,,,,,,,,,,,,,
1,,,2026-03-11_19h29.37.075,ant_ver113,2025.2.3,MacIntel,59.52380952,117632,117632,,,,,165.9783,167.3777,1.4,167.3784,171.3777,right,1,0.6449,,171.3785,172.3777,0,14,14,19,1,stim/lower.png,stim/incongRight.png,-1,right,0,,,,,,,,,,,,,,,,,,,
1,,,2026-03-11_19h29.37.075,ant_ver113,2025.2.3,MacIntel,59.52380952,117632,117632,,,,,172.3782,173.9277,1.55,173.9283,177.9278,right,1,0.5758,,177.9285,178.9277,0,15,15,23,1,stim/both.png,stim/neutralRight.png,1,right,0,,,,,,,,,,,,,,,,,,,
1,,,2026-03-11_19h29.37.075,ant_ver113,2025.2.3,MacIntel,59.52380952,117632,117632,,,,,178.9282,179.6777,0.75,179.6783,183.6779,right,1,0.5495,,183.6786,184.6777,0,16,16,13,1,stim/both.png,stim/congRight.png,-1,right,0,,,,,,,,,,,,,,,,,,,
1,,,2026-03-11_19h29.37.075,ant_ver113,2025.2.3,MacIntel,59.52380952,117632,117632,,,,,184.6782,186.0777,1.4,186.0784,190.0768,left,1,0.7001,,190.0777,191.0777,0,17,17,20,1,stim/blank.png,stim/incongLeft.png,1,left,0,,,,,,,,,,,,,,,,,,,
1,,,2026-03-11_19h29.37.075,ant_ver113,2025.2.3,MacIntel,59.52380952,117632,117632,,,,,191.0781,191.4777,0.4,191.4784,195.4777,left,1,0.548,,195.4785,196.4767,0,18,18,5,1,stim/both.png,stim/congLeft.png,-1,left,0,,,,,,,,,,,,,,,,,,,
1,,,2026-03-11_19h29.37.075,ant_ver113,2025.2.3,MacIntel,59.52380952,117632,117632,,,,,196.4772,197.8776,1.4,197.8783,201.8777,left,1,0.7252,,201.8785,202.8776,0,19,19,10,1,stim/lower.png,stim/incongLeft.png,-1,left,0,,,,,,,,,,,,,,,,,,,
1,,,2026-03-11_19h29.37.075,ant_ver113,2025.2.3,MacIntel,59.52380952,117632,117632,,,,,202.8781,203.2767,0.4,203.2774,207.2768,left,1,0.7918,,207.2776,208.2768,0,20,20,12,1,stim/lower.png,stim/congLeft.png,-1,left,0,,,,,,,,,,,,,,,,,,,
1,,,2026-03-11_19h29.37.075,ant_ver113,2025.2.3,MacIntel,59.52380952,117632,117632,,,,,208.2773,208.9776,0.7,208.9783,212.9777,left,1,0.7538,,212.9785,213.9776,0,21,21,21,1,stim/centre.png,stim/incongLeft.png,-1,left,0,,,,,,,,,,,,,,,,,,,
1,,,2026-03-11_19h29.37.075,ant_ver113,2025.2.3,MacIntel,59.52380952,117632,117632,,,,,213.9781,215.3775,1.4,215.3782,219.3776,right,1,0.6261,,219.3785,220.3776,0,22,22,11,1,stim/upper.png,stim/incongRight.png,1,right,0,,,,,,,,,,,,,,,,,,,
1,,,2026-03-11_19h29.37.075,ant_ver113,2025.2.3,MacIntel,59.52380952,117632,117632,,,,,220.3782,221.5775,1.2,221.5782,225.5776,left,1,0.7818,,225.5783,226.5779,0,23,23,15,1,stim/blank.png,stim/congLeft.png,-1,left,0,,,,,,,,,,,,,,,,,,,
1,,,2026-03-11_19h29.37.075,ant_ver113,2025.2.3,MacIntel,59.52380952,117632,117632,,,,,,,,,,,,,,,,,,,,,,,,,,226.5784,240.4781,space,3.8678,,,,,,,,,,,,,,,
1,,,2026-03-11_19h29.37.075,ant_ver113,2025.2.3,MacIntel,59.52380952,117632,117632,,,,,240.4891,241.8276,1.35,241.8283,245.8268,left,1,0.6431,,,,,,,,,stim/blank.png,stim/congLeft.png,1,left,0,,,,,,0,0,0,6,1,,,,,,,,,
1,,,2026-03-11_19h29.37.075,ant_ver113,2025.2.3,MacIntel,59.52380952,117632,117632,,,,,245.8274,246.4775,0.65,246.478,250.4767,right,1,0.5623,,,,,,,,,stim/blank.png,stim/neutralRight.png,1,right,0,,,,,,0,1,1,39,1,,,,,,,,,
1,,,2026-03-11_19h29.37.075,ant_ver113,2025.2.3,MacIntel,59.52380952,117632,117632,,,,,250.4772,251.1267,0.65,251.1273,255.1268,left,1,0.6239,,,,,,,,,stim/blank.png,stim/incongLeft.png,-1,left,0,,,,,,0,2,2,16,1,,,,,,,,,
1,,,2026-03-11_19h29.37.075,ant_ver113,2025.2.3,MacIntel,59.52380952,117632,117632,,,,,255.1273,256.1774,1.05,256.1781,260.1775,right,1,0.6879,,,,,,,,,stim/lower.png,stim/neutralRight.png,-1,right,0,,,,,,0,3,3,28,1,,,,,,,,,
1,,,2026-03-11_19h29.37.075,ant_ver113,2025.2.3,MacIntel,59.52380952,117632,117632,,,,,260.178,260.8266,0.65,260.8273,264.8275,right,1,0.6829,,,,,,,,,stim/upper.png,stim/incongRight.png,1,right,0,,,,,,0,4,4,11,1,,,,,,,,,
1,,,2026-03-11_19h29.37.075,ant_ver113,2025.2.3,MacIntel,59.52380952,117632,117632,,,,,264.8279,265.6275,0.8,265.6281,269.6271,right,1,0.6165,,,,,,,,,stim/blank.png,stim/neutralRight.png,-1,right,0,,,,,,0,5,5,36,1,,,,,,,,,
1,,,2026-03-11_19h29.37.075,ant_ver113,2025.2.3,MacIntel,59.52380952,117632,117632,,,,,269.6276,270.2775,0.65,270.2781,274.2774,left,1,0.4494,,,,,,,,,stim/upper.png,stim/neutralLeft.png,1,left,0,,,,,,0,6,6,8,1,,,,,,,,,
1,,,2026-03-11_19h29.37.075,ant_ver113,2025.2.3,MacIntel,59.52380952,117632,117632,,,,,274.2779,275.3273,1.05,275.328,279.3274,right,1,0.6702,,,,,,,,,stim/both.png,stim/congRight.png,1,right,0,,,,,,0,7,7,47,1,,,,,,,,,
1,,,2026-03-11_19h29.37.075,ant_ver113,2025.2.3,MacIntel,59.52380952,117632,117632,,,,,279.328,280.0274,0.7,280.0281,284.027,left,1,0.7048,,,,,,,,,stim/centre.png,stim/congLeft.png,-1,left,0,,,,,,0,8,8,9,1,,,,,,,,,
1,,,2026-03-11_19h29.37.075,ant_ver113,2025.2.3,MacIntel,59.52380952,117632,117632,,,,,284.0275,285.4773,1.45,285.478,289.4766,left,1,0.6637,,,,,,,,,stim/centre.png,stim/neutralLeft.png,-1,left,0,,,,,,0,9,9,14,1,,,,,,,,,
1,,,2026-03-11_19h29.37.075,ant_ver113,2025.2.3,MacIntel,59.52380952,117632,117632,,,,,289.4771,290.1765,0.7,290.1773,294.1775,left,1,0.4648,,,,,,,,,stim/lower.png,stim/congLeft.png,-1,left,0,,,,,,0,10,10,12,1,,,,,,,,,
1,,,2026-03-11_19h29.37.075,ant_ver113,2025.2.3,MacIntel,59.52380952,117632,117632,,,,,294.1779,294.6775,0.5,294.6781,298.6776,right,1,0.7004,,,,,,,,,stim/blank.png,stim/incongRight.png,1,right,0,,,,,,0,11,11,40,1,,,,,,,,,
1,,,2026-03-11_19h29.37.075,ant_ver113,2025.2.3,MacIntel,59.52380952,117632,117632,,,,,298.6781,299.3775,0.7,299.378,303.3773,left,1,0.5754,,,,,,,,,stim/both.png,stim/incongLeft.png,-1,left,0,,,,,,0,12,12,37,1,,,,,,,,,
1,,,2026-03-11_19h29.37.075,ant_ver113,2025.2.3,MacIntel,59.52380952,117632,117632,,,,,303.3778,303.8774,0.5,303.878,307.8765,right,1,0.5663,,,,,,,,,stim/blank.png,stim/congRight.png,-1,right,0,,,,,,0,13,13,18,1,,,,,,,,,
1,,,2026-03-11_19h29.37.075,ant_ver113,2025.2.3,MacIntel,59.52380952,117632,117632,,,,,307.8769,309.2273,1.35,309.228,313.2271,right,1,0.543,,,,,,,,,stim/lower.png,stim/incongRight.png,-1,right,0,,,,,,0,14,14,19,1,,,,,,,,,
1,,,2026-03-11_19h29.37.075,ant_ver113,2025.2.3,MacIntel,59.52380952,117632,117632,,,,,313.2276,314.3273,1.1,314.3279,318.3273,right,1,0.7328,,,,,,,,,stim/centre.png,stim/congRight.png,1,right,0,,,,,,0,15,15,2,1,,,,,,,,,
1,,,2026-03-11_19h29.37.075,ant_ver113,2025.2.3,MacIntel,59.52380952,117632,117632,,,,,318.3278,319.6774,1.35,319.6781,323.6773,right,1,0.4485,,,,,,,,,stim/upper.png,stim/neutralRight.png,1,right,0,,,,,,0,16,16,27,1,,,,,,,,,
1,,,2026-03-11_19h29.37.075,ant_ver113,2025.2.3,MacIntel,59.52380952,117632,117632,,,,,323.6779,324.0773,0.4,324.0779,328.0774,left,1,0.4683,,,,,,,,,stim/upper.png,stim/congLeft.png,1,left,0,,,,,,0,17,17,24,1,,,,,,,,,
1,,,2026-03-11_19h29.37.075,ant_ver113,2025.2.3,MacIntel,59.52380952,117632,117632,,,,,328.0779,328.9773,0.9,328.9779,332.9773,left,1,0.5931,,,,,,,,,stim/both.png,stim/neutralLeft.png,-1,left,0,,,,,,0,18,18,17,1,,,,,,,,,
1,,,2026-03-11_19h29.37.075,ant_ver113,2025.2.3,MacIntel,59.52380952,117632,117632,,,,,332.9778,334.1267,1.15,334.1274,338.1274,right,1,0.6132,,,,,,,,,stim/both.png,stim/incongRight.png,-1,right,0,,,,,,0,19,19,3,1,,,,,,,,,
1,,,2026-03-11_19h29.37.075,ant_ver113,2025.2.3,MacIntel,59.52380952,117632,117632,,,,,338.128,339.6273,1.5,339.6279,343.6272,left,1,0.487,,,,,,,,,stim/lower.png,stim/neutralLeft.png,-1,left,0,,,,,,0,20,20,38,1,,,,,,,,,
1,,,2026-03-11_19h29.37.075,ant_ver113,2025.2.3,MacIntel,59.52380952,117632,117632,,,,,343.6277,344.6274,1,344.628,348.6273,left,1,0.4647,,,,,,,,,stim/lower.png,stim/incongLeft.png,-1,left,0,,,,,,0,21,21,10,1,,,,,,,,,
1,,,2026-03-11_19h29.37.075,ant_ver113,2025.2.3,MacIntel,59.52380952,117632,117632,,,,,348.6278,350.0272,1.4,350.0279,354.0273,left,1,0.4492,,,,,,,,,stim/both.png,stim/congLeft.png,1,left,0,,,,,,0,22,22,34,1,,,,,,,,,
1,,,2026-03-11_19h29.37.075,ant_ver113,2025.2.3,MacIntel,59.52380952,117632,117632,,,,,354.0277,354.5273,0.5,354.5279,358.5273,left,1,0.6484,,,,,,,,,stim/centre.png,stim/incongLeft.png,1,left,0,,,,,,0,23,23,46,1,,,,,,,,,
1,,,2026-03-11_19h29.37.075,ant_ver113,2025.2.3,MacIntel,59.52380952,117632,117632,,,,,358.5277,359.7772,1.25,359.7778,363.7773,right,1,0.5653,,,,,,,,,stim/blank.png,stim/congRight.png,1,right,0,,,,,,0,24,24,45,1,,,,,,,,,
1,,,2026-03-11_19h29.37.075,ant_ver113,2025.2.3,MacIntel,59.52380952,117632,117632,,,,,363.7778,364.3772,0.6,364.378,368.3771,right,1,0.4387,,,,,,,,,stim/upper.png,stim/congRight.png,1,right,0,,,,,,0,25,25,30,1,,,,,,,,,
1,,,2026-03-11_19h29.37.075,ant_ver113,2025.2.3,MacIntel,59.52380952,117632,117632,,,,,368.3777,369.5771,1.2,369.5779,373.5771,right,1,0.412,,,,,,,,,stim/lower.png,stim/congRight.png,-1,right,0,,,,,,0,26,26,43,1,,,,,,,,,
1,,,2026-03-11_19h29.37.075,ant_ver113,2025.2.3,MacIntel,59.52380952,117632,117632,,,,,373.5778,374.6272,1.05,374.6278,378.6273,left,1,0.471,,,,,,,,,stim/both.png,stim/neutralLeft.png,1,left,0,,,,,,0,27,27,31,1,,,,,,,,,
1,,,2026-03-11_19h29.37.075,ant_ver113,2025.2.3,MacIntel,59.52380952,117632,117632,,,,,378.6278,379.2762,0.65,379.2768,383.2771,right,1,0.4349,,,,,,,,,stim/both.png,stim/congRight.png,-1,right,0,,,,,,0,28,28,13,1,,,,,,,,,
1,,,2026-03-11_19h29.37.075,ant_ver113,2025.2.3,MacIntel,59.52380952,117632,117632,,,,,383.2776,383.9771,0.7,383.9778,387.9772,right,1,0.6488,,,,,,,,,stim/centre.png,stim/neutralRight.png,-1,right,0,,,,,,0,29,29,35,1,,,,,,,,,
1,,,2026-03-11_19h29.37.075,ant_ver113,2025.2.3,MacIntel,59.52380952,117632,117632,,,,,387.9776,388.3762,0.4,388.3768,392.3771,left,1,0.537,,,,,,,,,stim/blank.png,stim/congLeft.png,-1,left,0,,,,,,0,30,30,15,1,,,,,,,,,
1,,,2026-03-11_19h29.37.075,ant_ver113,2025.2.3,MacIntel,59.52380952,117632,117632,,,,,392.3776,393.8271,1.45,393.8277,397.8272,right,0,0.4926,,,,,,,,,stim/both.png,stim/incongLeft.png,1,left,0,,,,,,0,31,31,1,1,,,,,,,,,
1,,,2026-03-11_19h29.37.075,ant_ver113,2025.2.3,MacIntel,59.52380952,117632,117632,,,,,397.8277,398.827,1,398.8277,402.8271,right,1,0.5436,,,,,,,,,stim/centre.png,stim/congRight.png,-1,right,0,,,,,,0,32,32,0,1,,,,,,,,,
1,,,2026-03-11_19h29.37.075,ant_ver113,2025.2.3,MacIntel,59.52380952,117632,117632,,,,,402.8275,403.977,1.15,403.9777,407.9771,right,1,0.6868,,,,,,,,,stim/blank.png,stim/incongRight.png,-1,right,0,,,,,,0,33,33,7,1,,,,,,,,,
1,,,2026-03-11_19h29.37.075,ant_ver113,2025.2.3,MacIntel,59.52380952,117632,117632,,,,,407.9775,409.1761,1.2,409.1768,413.1771,left,1,0.5322,,,,,,,,,stim/centre.png,stim/congLeft.png,1,left,0,,,,,,0,34,34,4,1,,,,,,,,,
1,,,2026-03-11_19h29.37.075,ant_ver113,2025.2.3,MacIntel,59.52380952,117632,117632,,,,,413.1775,413.627,0.45,413.6277,417.6262,right,0,0.5293,,,,,,,,,stim/centre.png,stim/incongLeft.png,-1,left,0,,,,,,0,35,35,21,1,,,,,,,,,
1,,,2026-03-11_19h29.37.075,ant_ver113,2025.2.3,MacIntel,59.52380952,117632,117632,,,,,417.6266,418.4771,0.85,418.4777,422.4769,right,1,0.8451,,,,,,,,,stim/centre.png,stim/incongRight.png,-1,right,0,,,,,,0,36,36,25,1,,,,,,,,,
1,,,2026-03-11_19h29.37.075,ant_ver113,2025.2.3,MacIntel,59.52380952,117632,117632,,,,,422.4774,423.676,1.2,423.6768,427.6762,right,1,0.6994,,,,,,,,,stim/both.png,stim/incongRight.png,1,right,0,,,,,,0,37,37,44,1,,,,,,,,,
1,,,2026-03-11_19h29.37.075,ant_ver113,2025.2.3,MacIntel,59.52380952,117632,117632,,,,,427.6766,428.577,0.9,428.5777,432.577,left,1,0.6269,,,,,,,,,stim/centre.png,stim/neutralLeft.png,1,left,0,,,,,,0,38,38,22,1,,,,,,,,,
1,,,2026-03-11_19h29.37.075,ant_ver113,2025.2.3,MacIntel,59.52380952,117632,117632,,,,,432.5775,433.2771,0.7,433.2777,437.2759,left,1,0.6489,,,,,,,,,stim/blank.png,stim/neutralLeft.png,-1,left,0,,,,,,0,39,39,32,1,,,,,,,,,
1,,,2026-03-11_19h29.37.075,ant_ver113,2025.2.3,MacIntel,59.52380952,117632,117632,,,,,437.2765,438.177,0.9,438.1777,442.1771,right,1,0.6434,,,,,,,,,stim/centre.png,stim/incongRight.png,1,right,0,,,,,,0,40,40,26,1,,,,,,,,,
1,,,2026-03-11_19h29.37.075,ant_ver113,2025.2.3,MacIntel,59.52380952,117632,117632,,,,,442.1777,443.2761,1.1,443.2768,447.276,right,1,0.5339,,,,,,,,,stim/both.png,stim/neutralRight.png,1,right,0,,,,,,0,41,41,23,1,,,,,,,,,
1,,,2026-03-11_19h29.37.075,ant_ver113,2025.2.3,MacIntel,59.52380952,117632,117632,,,,,447.2765,448.3769,1.1,448.3776,452.3769,left,1,0.7529,,,,,,,,,stim/both.png,stim/congLeft.png,-1,left,0,,,,,,0,42,42,5,1,,,,,,,,,
1,,,2026-03-11_19h29.37.075,ant_ver113,2025.2.3,MacIntel,59.52380952,117632,117632,,,,,452.3775,453.1269,0.75,453.1275,457.127,right,1,0.5346,,,,,,,,,stim/centre.png,stim/neutralRight.png,1,right,0,,,,,,0,43,43,29,1,,,,,,,,,
1,,,2026-03-11_19h29.37.075,ant_ver113,2025.2.3,MacIntel,59.52380952,117632,117632,,,,,457.1274,458.3769,1.25,458.3776,462.3771,left,1,0.7422,,,,,,,,,stim/upper.png,stim/incongLeft.png,1,left,0,,,,,,0,44,44,33,1,,,,,,,,,
1,,,2026-03-11_19h29.37.075,ant_ver113,2025.2.3,MacIntel,59.52380952,117632,117632,,,,,462.3775,462.9269,0.55,462.9275,466.9269,left,1,0.8615,,,,,,,,,stim/blank.png,stim/neutralLeft.png,1,left,0,,,,,,0,45,45,42,1,,,,,,,,,
1,,,2026-03-11_19h29.37.075,ant_ver113,2025.2.3,MacIntel,59.52380952,117632,117632,,,,,466.9274,467.4761,0.55,467.4767,471.4768,left,1,0.6965,,,,,,,,,stim/blank.png,stim/incongLeft.png,1,left,0,,,,,,0,46,46,20,1,,,,,,,,,
1,,,2026-03-11_19h29.37.075,ant_ver113,2025.2.3,MacIntel,59.52380952,117632,117632,,,,,471.4773,472.627,1.15,472.6276,476.627,right,1,0.5605,,,,,,,,,stim/both.png,stim/neutralRight.png,-1,right,0,,,,,,0,47,47,41,1,,,,,,,,,
1,,,2026-03-11_19h29.37.075,ant_ver113,2025.2.3,MacIntel,59.52380952,117632,117632,,,,,476.6275,477.127,0.5,477.1277,481.1269,right,1,0.7975,,,,,,,,,stim/blank.png,stim/incongRight.png,1,right,0,,,,,,1,0,48,40,1,,,,,,,,,
1,,,2026-03-11_19h29.37.075,ant_ver113,2025.2.3,MacIntel,59.52380952,117632,117632,,,,,481.1274,481.9769,0.85,481.9775,485.9768,left,1,0.6978,,,,,,,,,stim/centre.png,stim/neutralLeft.png,-1,left,0,,,,,,1,1,49,14,1,,,,,,,,,
1,,,2026-03-11_19h29.37.075,ant_ver113,2025.2.3,MacIntel,59.52380952,117632,117632,,,,,485.9773,487.0769,1.1,487.0776,491.0769,right,1,0.4563,,,,,,,,,stim/centre.png,stim/neutralRight.png,1,right,0,,,,,,1,2,50,29,1,,,,,,,,,
1,,,2026-03-11_19h29.37.075,ant_ver113,2025.2.3,MacIntel,59.52380952,117632,117632,,,,,491.0774,492.1768,1.1,492.1775,496.1768,right,1,0.5161,,,,,,,,,stim/centre.png,stim/congRight.png,-1,right,0,,,,,,1,3,51,0,1,,,,,,,,,
1,,,2026-03-11_19h29.37.075,ant_ver113,2025.2.3,MacIntel,59.52380952,117632,117632,,,,,496.1774,496.8269,0.65,496.8276,500.8269,left,1,0.5922,,,,,,,,,stim/upper.png,stim/incongLeft.png,1,left,0,,,,,,1,4,52,33,1,,,,,,,,,
1,,,2026-03-11_19h29.37.075,ant_ver113,2025.2.3,MacIntel,59.52380952,117632,117632,,,,,500.8274,501.6768,0.85,501.6774,505.6768,left,1,0.4418,,,,,,,,,stim/both.png,stim/neutralLeft.png,1,left,0,,,,,,1,5,53,31,1,,,,,,,,,
1,,,2026-03-11_19h29.37.075,ant_ver113,2025.2.3,MacIntel,59.52380952,117632,117632,,,,,505.6772,506.0769,0.4,506.0775,510.0768,right,1,0.5521,,,,,,,,,stim/lower.png,stim/neutralRight.png,-1,right,0,,,,,,1,6,54,28,1,,,,,,,,,
1,,,2026-03-11_19h29.37.075,ant_ver113,2025.2.3,MacIntel,59.52380952,117632,117632,,,,,510.0773,510.626,0.55,510.6266,514.6267,right,1,0.6843,,,,,,,,,stim/centre.png,stim/incongRight.png,-1,right,0,,,,,,1,7,55,25,1,,,,,,,,,
1,,,2026-03-11_19h29.37.075,ant_ver113,2025.2.3,MacIntel,59.52380952,117632,117632,,,,,514.6272,515.1268,0.5,515.1274,519.1268,right,1,0.4421,,,,,,,,,stim/both.png,stim/neutralRight.png,1,right,0,,,,,,1,8,56,23,1,,,,,,,,,
1,,,2026-03-11_19h29.37.075,ant_ver113,2025.2.3,MacIntel,59.52380952,117632,117632,,,,,519.1273,519.6267,0.5,519.6275,523.6259,right,1,0.4815,,,,,,,,,stim/lower.png,stim/incongRight.png,-1,right,0,,,,,,1,9,57,19,1,,,,,,,,,
1,,,2026-03-11_19h29.37.075,ant_ver113,2025.2.3,MacIntel,59.52380952,117632,117632,,,,,523.6264,524.2269,0.6,524.2274,528.2267,right,1,0.5656,,,,,,,,,stim/centre.png,stim/incongRight.png,1,right,0,,,,,,1,10,58,26,1,,,,,,,,,
1,,,2026-03-11_19h29.37.075,ant_ver113,2025.2.3,MacIntel,59.52380952,117632,117632,,,,,528.2272,529.7267,1.5,529.7274,533.7267,right,1,0.434,,,,,,,,,stim/both.png,stim/congRight.png,1,right,0,,,,,,1,11,59,47,1,,,,,,,,,
1,,,2026-03-11_19h29.37.075,ant_ver113,2025.2.3,MacIntel,59.52380952,117632,117632,,,,,533.7273,534.4767,0.75,534.4774,538.4767,right,1,0.5646,,,,,,,,,stim/centre.png,stim/neutralRight.png,-1,right,0,,,,,,1,12,60,35,1,,,,,,,,,
1,,,2026-03-11_19h29.37.075,ant_ver113,2025.2.3,MacIntel,59.52380952,117632,117632,,,,,538.4772,539.2767,0.8,539.2774,543.2767,right,1,0.6596,,,,,,,,,stim/both.png,stim/incongRight.png,-1,right,0,,,,,,1,13,61,3,1,,,,,,,,,
1,,,2026-03-11_19h29.37.075,ant_ver113,2025.2.3,MacIntel,59.52380952,117632,117632,,,,,543.2772,543.8267,0.55,543.8273,547.8266,right,1,0.7367,,,,,,,,,stim/upper.png,stim/incongRight.png,1,right,0,,,,,,1,14,62,11,1,,,,,,,,,
1,,,2026-03-11_19h29.37.075,ant_ver113,2025.2.3,MacIntel,59.52380952,117632,117632,,,,,547.8272,548.3266,0.5,548.3274,552.3265,left,1,0.8918,,,,,,,,,stim/blank.png,stim/neutralLeft.png,-1,left,0,,,,,,1,15,63,32,1,,,,,,,,,
1,,,2026-03-11_19h29.37.075,ant_ver113,2025.2.3,MacIntel,59.52380952,117632,117632,,,,,552.3271,553.0768,0.75,553.0774,557.0767,left,1,0.6433,,,,,,,,,stim/lower.png,stim/neutralLeft.png,-1,left,0,,,,,,1,16,64,38,1,,,,,,,,,
1,,,2026-03-11_19h29.37.075,ant_ver113,2025.2.3,MacIntel,59.52380952,117632,117632,,,,,557.0772,558.3758,1.3,558.3764,562.3766,left,1,0.4813,,,,,,,,,stim/blank.png,stim/congLeft.png,-1,left,0,,,,,,1,17,65,15,1,,,,,,,,,
1,,,2026-03-11_19h29.37.075,ant_ver113,2025.2.3,MacIntel,59.52380952,117632,117632,,,,,562.3771,563.5766,1.2,563.5772,567.5757,left,1,0.6714,,,,,,,,,stim/blank.png,stim/congLeft.png,1,left,0,,,,,,1,18,66,6,1,,,,,,,,,
1,,,2026-03-11_19h29.37.075,ant_ver113,2025.2.3,MacIntel,59.52380952,117632,117632,,,,,567.5762,568.3266,0.75,568.3273,572.3266,right,1,0.6182,,,,,,,,,stim/blank.png,stim/incongRight.png,-1,right,0,,,,,,1,19,67,7,1,,,,,,,,,
1,,,2026-03-11_19h29.37.075,ant_ver113,2025.2.3,MacIntel,59.52380952,117632,117632,,,,,572.3271,573.6765,1.35,573.6773,577.6767,right,1,0.4447,,,,,,,,,stim/both.png,stim/neutralRight.png,-1,right,0,,,,,,1,20,68,41,1,,,,,,,,,
1,,,2026-03-11_19h29.37.075,ant_ver113,2025.2.3,MacIntel,59.52380952,117632,117632,,,,,577.6771,578.9765,1.3,578.9773,582.9757,left,1,0.5549,,,,,,,,,stim/blank.png,stim/neutralLeft.png,1,left,0,,,,,,1,21,69,42,1,,,,,,,,,
1,,,2026-03-11_19h29.37.075,ant_ver113,2025.2.3,MacIntel,59.52380952,117632,117632,,,,,582.9761,583.6266,0.65,583.6272,587.6256,right,1,0.6021,,,,,,,,,stim/blank.png,stim/neutralRight.png,1,right,0,,,,,,1,22,70,39,1,,,,,,,,,
1,,,2026-03-11_19h29.37.075,ant_ver113,2025.2.3,MacIntel,59.52380952,117632,117632,,,,,587.6262,589.1757,1.55,589.1764,593.1757,right,1,0.4326,,,,,,,,,stim/lower.png,stim/congRight.png,-1,right,0,,,,,,1,23,71,43,1,,,,,,,,,
1,,,2026-03-11_19h29.37.075,ant_ver113,2025.2.3,MacIntel,59.52380952,117632,117632,,,,,593.1762,593.6266,0.45,593.6274,597.6265,left,1,0.6514,,,,,,,,,stim/both.png,stim/neutralLeft.png,-1,left,0,,,,,,1,24,72,17,1,,,,,,,,,
1,,,2026-03-11_19h29.37.075,ant_ver113,2025.2.3,MacIntel,59.52380952,117632,117632,,,,,597.627,598.5265,0.9,598.5271,602.5265,left,1,0.4377,,,,,,,,,stim/upper.png,stim/congLeft.png,1,left,0,,,,,,1,25,73,24,1,,,,,,,,,
1,,,2026-03-11_19h29.37.075,ant_ver113,2025.2.3,MacIntel,59.52380952,117632,117632,,,,,602.527,603.0757,0.55,603.0763,607.0765,left,1,0.4402,,,,,,,,,stim/both.png,stim/congLeft.png,1,left,0,,,,,,1,26,74,34,1,,,,,,,,,
1,,,2026-03-11_19h29.37.075,ant_ver113,2025.2.3,MacIntel,59.52380952,117632,117632,,,,,607.077,608.2765,1.2,608.2771,612.2765,right,0,0.4824,,,,,,,,,stim/centre.png,stim/incongLeft.png,-1,left,0,,,,,,1,27,75,21,1,,,,,,,,,
1,,,2026-03-11_19h29.37.075,ant_ver113,2025.2.3,MacIntel,59.52380952,117632,117632,,,,,612.2771,613.0266,0.75,613.0272,617.0257,right,1,0.5597,,,,,,,,,stim/blank.png,stim/neutralRight.png,-1,right,0,,,,,,1,28,76,36,1,,,,,,,,,
1,,,2026-03-11_19h29.37.075,ant_ver113,2025.2.3,MacIntel,59.52380952,117632,117632,,,,,617.0262,617.5764,0.55,617.5771,621.5765,left,1,0.5753,,,,,,,,,stim/lower.png,stim/incongLeft.png,-1,left,0,,,,,,1,29,77,10,1,,,,,,,,,
1,,,2026-03-11_19h29.37.075,ant_ver113,2025.2.3,MacIntel,59.52380952,117632,117632,,,,,621.577,622.0764,0.5,622.0771,626.0763,left,1,0.483,,,,,,,,,stim/upper.png,stim/neutralLeft.png,1,left,0,,,,,,1,30,78,8,1,,,,,,,,,
1,,,2026-03-11_19h29.37.075,ant_ver113,2025.2.3,MacIntel,59.52380952,117632,117632,,,,,626.0768,627.1264,1.05,627.1271,631.1264,left,1,0.5,,,,,,,,,stim/lower.png,stim/congLeft.png,-1,left,0,,,,,,1,31,79,12,1,,,,,,,,,
1,,,2026-03-11_19h29.37.075,ant_ver113,2025.2.3,MacIntel,59.52380952,117632,117632,,,,,631.1269,631.8264,0.7,631.8272,635.8263,right,1,0.6826,,,,,,,,,stim/both.png,stim/incongRight.png,1,right,0,,,,,,1,32,80,44,1,,,,,,,,,
1,,,2026-03-11_19h29.37.075,ant_ver113,2025.2.3,MacIntel,59.52380952,117632,117632,,,,,635.8268,637.2763,1.45,637.277,641.2763,left,1,1.0343,,,,,,,,,stim/blank.png,stim/incongLeft.png,1,left,0,,,,,,1,33,81,20,1,,,,,,,,,
1,,,2026-03-11_19h29.37.075,ant_ver113,2025.2.3,MacIntel,59.52380952,117632,117632,,,,,641.2769,642.7264,1.45,642.7271,646.7265,left,1,0.81,,,,,,,,,stim/blank.png,stim/incongLeft.png,-1,left,0,,,,,,1,34,82,16,1,,,,,,,,,
1,,,2026-03-11_19h29.37.075,ant_ver113,2025.2.3,MacIntel,59.52380952,117632,117632,,,,,646.727,647.5264,0.8,647.527,651.5264,right,1,0.557,,,,,,,,,stim/blank.png,stim/congRight.png,-1,right,0,,,,,,1,35,83,18,1,,,,,,,,,
1,,,2026-03-11_19h29.37.075,ant_ver113,2025.2.3,MacIntel,59.52380952,117632,117632,,,,,651.5269,652.3263,0.8,652.327,656.3264,left,1,0.5817,,,,,,,,,stim/both.png,stim/incongLeft.png,-1,left,0,,,,,,1,36,84,37,1,,,,,,,,,
1,,,2026-03-11_19h29.37.075,ant_ver113,2025.2.3,MacIntel,59.52380952,117632,117632,,,,,656.3269,656.7263,0.4,656.7271,660.7262,left,1,0.4823,,,,,,,,,stim/centre.png,stim/congLeft.png,-1,left,0,,,,,,1,37,85,9,1,,,,,,,,,
1,,,2026-03-11_19h29.37.075,ant_ver113,2025.2.3,MacIntel,59.52380952,117632,117632,,,,,660.7268,662.0763,1.35,662.0769,666.0763,left,1,0.4604,,,,,,,,,stim/both.png,stim/congLeft.png,-1,left,0,,,,,,1,38,86,5,1,,,,,,,,,
1,,,2026-03-11_19h29.37.075,ant_ver113,2025.2.3,MacIntel,59.52380952,117632,117632,,,,,666.0768,667.1263,1.05,667.1269,671.1263,left,1,0.8131,,,,,,,,,stim/both.png,stim/incongLeft.png,1,left,0,,,,,,1,39,87,1,1,,,,,,,,,
1,,,2026-03-11_19h29.37.075,ant_ver113,2025.2.3,MacIntel,59.52380952,117632,117632,,,,,671.1268,672.3763,1.25,672.377,676.3764,right,1,0.5154,,,,,,,,,stim/upper.png,stim/neutralRight.png,1,right,0,,,,,,1,40,88,27,1,,,,,,,,,
1,,,2026-03-11_19h29.37.075,ant_ver113,2025.2.3,MacIntel,59.52380952,117632,117632,,,,,676.3769,677.4264,1.05,677.427,681.4262,right,1,0.5147,,,,,,,,,stim/upper.png,stim/congRight.png,1,right,0,,,,,,1,41,89,30,1,,,,,,,,,
1,,,2026-03-11_19h29.37.075,ant_ver113,2025.2.3,MacIntel,59.52380952,117632,117632,,,,,681.4267,682.1762,0.75,682.1769,686.1762,left,1,1.259,,,,,,,,,stim/centre.png,stim/congLeft.png,1,left,0,,,,,,1,42,90,4,1,,,,,,,,,
1,,,2026-03-11_19h29.37.075,ant_ver113,2025.2.3,MacIntel,59.52380952,117632,117632,,,,,686.1767,687.2762,1.1,687.2768,691.2763,right,1,0.6125,,,,,,,,,stim/centre.png,stim/congRight.png,1,right,0,,,,,,1,43,91,2,1,,,,,,,,,
1,,,2026-03-11_19h29.37.075,ant_ver113,2025.2.3,MacIntel,59.52380952,117632,117632,,,,,691.2767,692.5762,1.3,692.5769,696.5762,left,1,0.5048,,,,,,,,,stim/centre.png,stim/neutralLeft.png,1,left,0,,,,,,1,44,92,22,1,,,,,,,,,
1,,,2026-03-11_19h29.37.075,ant_ver113,2025.2.3,MacIntel,59.52380952,117632,117632,,,,,696.5766,697.4262,0.85,697.4269,701.4263,right,1,0.493,,,,,,,,,stim/both.png,stim/congRight.png,-1,right,0,,,,,,1,45,93,13,1,,,,,,,,,
1,,,2026-03-11_19h29.37.075,ant_ver113,2025.2.3,MacIntel,59.52380952,117632,117632,,,,,701.4268,702.2751,0.85,702.2759,706.2761,left,1,0.7252,,,,,,,,,stim/centre.png,stim/incongLeft.png,1,left,0,,,,,,1,46,94,46,1,,,,,,,,,
1,,,2026-03-11_19h29.37.075,ant_ver113,2025.2.3,MacIntel,59.52380952,117632,117632,,,,,706.2766,707.6752,1.4,707.6759,711.6762,right,1,0.5381,,,,,,,,,stim/blank.png,stim/congRight.png,1,right,0,,,,,,1,47,95,45,1,,,,,,,,,
1,,,2026-03-11_19h29.37.075,ant_ver113,2025.2.3,MacIntel,59.52380952,117632,117632,,,,,,,,,,,,,,,,,,,,,,,,,,,,,,,,,,,,711.6781,1129.1588,0,0,0,0,1,,
1,,,2026-03-11_19h29.37.075,ant_ver113,2025.2.3,MacIntel,59.52380952,117632,117632,,,,,1129.1688,1130.1072,0.95,1130.108,1134.1073,right,1,0.6098,,,,,,,,,stim/upper.png,stim/congRight.png,1,right,0,,,,,,0,0,0,30,1,,,,,,,,,
1,,,2026-03-11_19h29.37.075,ant_ver113,2025.2.3,MacIntel,59.52380952,117632,117632,,,,,1134.108,1134.8083,0.7,1134.8089,1138.8074,left,1,0.4318,,,,,,,,,stim/both.png,stim/congLeft.png,1,left,0,,,,,,0,1,1,34,1,,,,,,,,,
1,,,2026-03-11_19h29.37.075,ant_ver113,2025.2.3,MacIntel,59.52380952,117632,117632,,,,,1138.8078,1139.6583,0.85,1139.659,1143.6582,right,1,0.8097,,,,,,,,,stim/blank.png,stim/incongRight.png,-1,right,0,,,,,,0,2,2,7,1,,,,,,,,,
1,,,2026-03-11_19h29.37.075,ant_ver113,2025.2.3,MacIntel,59.52380952,117632,117632,,,,,1143.6586,1144.3072,0.65,1144.3079,1148.3083,left,1,0.6722,,,,,,,,,stim/blank.png,stim/incongLeft.png,1,left,0,,,,,,0,3,3,20,1,,,,,,,,,
1,,,2026-03-11_19h29.37.075,ant_ver113,2025.2.3,MacIntel,59.52380952,117632,117632,,,,,1148.3088,1149.0082,0.7,1149.0089,1153.0073,left,1,0.4554,,,,,,,,,stim/lower.png,stim/neutralLeft.png,-1,left,0,,,,,,0,4,4,38,1,,,,,,,,,
1,,,2026-03-11_19h29.37.075,ant_ver113,2025.2.3,MacIntel,59.52380952,117632,117632,,,,,1153.0078,1153.9573,0.95,1153.9579,1157.9582,left,1,0.4423,,,,,,,,,stim/centre.png,stim/congLeft.png,-1,left,0,,,,,,0,5,5,9,1,,,,,,,,,
1,,,2026-03-11_19h29.37.075,ant_ver113,2025.2.3,MacIntel,59.52380952,117632,117632,,,,,1157.9587,1159.4573,1.5,1159.458,1163.4583,right,1,0.5001,,,,,,,,,stim/blank.png,stim/neutralRight.png,-1,right,0,,,,,,0,6,6,36,1,,,,,,,,,
1,,,2026-03-11_19h29.37.075,ant_ver113,2025.2.3,MacIntel,59.52380952,117632,117632,,,,,1163.4588,1164.9582,1.5,1164.9589,1168.9572,right,1,0.7087,,,,,,,,,stim/both.png,stim/incongRight.png,-1,right,0,,,,,,0,7,7,3,1,,,,,,,,,
1,,,2026-03-11_19h29.37.075,ant_ver113,2025.2.3,MacIntel,59.52380952,117632,117632,,,,,1168.9579,1169.3581,0.4,1169.3588,1173.3582,right,1,0.5948,,,,,,,,,stim/upper.png,stim/incongRight.png,1,right,0,,,,,,0,8,8,11,1,,,,,,,,,
1,,,2026-03-11_19h29.37.075,ant_ver113,2025.2.3,MacIntel,59.52380952,117632,117632,,,,,1173.3586,1174.4082,1.05,1174.4089,1178.4078,right,1,0.5096,,,,,,,,,stim/blank.png,stim/congRight.png,-1,right,0,,,,,,0,9,9,18,1,,,,,,,,,
1,,,2026-03-11_19h29.37.075,ant_ver113,2025.2.3,MacIntel,59.52380952,117632,117632,,,,,1178.4083,1178.9577,0.55,1178.9579,1182.9578,left,1,0.4928,,,,,,,,,stim/centre.png,stim/neutralLeft.png,1,left,0,,,,,,0,10,10,22,1,,,,,,,,,
1,,,2026-03-11_19h29.37.075,ant_ver113,2025.2.3,MacIntel,59.52380952,117632,117632,,,,,1182.9582,1184.0581,1.1,1184.0587,1188.0581,right,1,0.4643,,,,,,,,,stim/upper.png,stim/neutralRight.png,1,right,0,,,,,,0,11,11,27,1,,,,,,,,,
1,,,2026-03-11_19h29.37.075,ant_ver113,2025.2.3,MacIntel,59.52380952,117632,117632,,,,,1188.0586,1188.9081,0.85,1188.9088,1192.9081,left,1,0.7656,,,,,,,,,stim/both.png,stim/incongLeft.png,-1,left,0,,,,,,0,12,12,37,1,,,,,,,,,
1,,,2026-03-11_19h29.37.075,ant_ver113,2025.2.3,MacIntel,59.52380952,117632,117632,,,,,1192.9087,1193.5073,0.6,1193.5079,1197.5081,left,1,0.4846,,,,,,,,,stim/both.png,stim/neutralLeft.png,1,left,0,,,,,,0,13,13,31,1,,,,,,,,,
1,,,2026-03-11_19h29.37.075,ant_ver113,2025.2.3,MacIntel,59.52380952,117632,117632,,,,,1197.5086,1198.9072,1.4,1198.9078,1202.9081,right,1,0.4896,,,,,,,,,stim/both.png,stim/neutralRight.png,1,right,0,,,,,,0,14,14,23,1,,,,,,,,,
1,,,2026-03-11_19h29.37.075,ant_ver113,2025.2.3,MacIntel,59.52380952,117632,117632,,,,,1202.9085,1204.158,1.25,1204.1587,1208.1581,left,1,0.5609,,,,,,,,,stim/upper.png,stim/incongLeft.png,1,left,0,,,,,,0,15,15,33,1,,,,,,,,,
1,,,2026-03-11_19h29.37.075,ant_ver113,2025.2.3,MacIntel,59.52380952,117632,117632,,,,,1208.1585,1209.4581,1.3,1209.4587,1213.458,left,1,0.5048,,,,,,,,,stim/centre.png,stim/incongLeft.png,1,left,0,,,,,,0,16,16,46,1,,,,,,,,,
1,,,2026-03-11_19h29.37.075,ant_ver113,2025.2.3,MacIntel,59.52380952,117632,117632,,,,,1213.4585,1214.2071,0.75,1214.2079,1218.2071,right,1,0.8764,,,,,,,,,stim/lower.png,stim/incongRight.png,-1,right,0,,,,,,0,17,17,19,1,,,,,,,,,
1,,,2026-03-11_19h29.37.075,ant_ver113,2025.2.3,MacIntel,59.52380952,117632,117632,,,,,1218.2076,1218.8071,0.6,1218.8078,1222.8071,left,1,0.6826,,,,,,,,,stim/blank.png,stim/incongLeft.png,-1,left,0,,,,,,0,18,18,16,1,,,,,,,,,
1,,,2026-03-11_19h29.37.075,ant_ver113,2025.2.3,MacIntel,59.52380952,117632,117632,,,,,1222.8076,1223.3081,0.5,1223.3087,1227.3071,right,1,0.8,,,,,,,,,stim/both.png,stim/congRight.png,-1,right,0,,,,,,0,19,19,13,1,,,,,,,,,
1,,,2026-03-11_19h29.37.075,ant_ver113,2025.2.3,MacIntel,59.52380952,117632,117632,,,,,1227.3076,1227.708,0.4,1227.7087,1231.708,right,1,0.6007,,,,,,,,,stim/centre.png,stim/incongRight.png,-1,right,0,,,,,,0,20,20,25,1,,,,,,,,,
1,,,2026-03-11_19h29.37.075,ant_ver113,2025.2.3,MacIntel,59.52380952,117632,117632,,,,,1231.7085,1232.908,1.2,1232.9087,1236.9079,left,0,0.6603,,,,,,,,,stim/both.png,stim/incongRight.png,1,right,0,,,,,,0,21,21,44,1,,,,,,,,,
1,,,2026-03-11_19h29.37.075,ant_ver113,2025.2.3,MacIntel,59.52380952,117632,117632,,,,,1236.9085,1237.958,1.05,1237.9586,1241.9579,left,1,0.5664,,,,,,,,,stim/upper.png,stim/neutralLeft.png,1,left,0,,,,,,0,22,22,8,1,,,,,,,,,
1,,,2026-03-11_19h29.37.075,ant_ver113,2025.2.3,MacIntel,59.52380952,117632,117632,,,,,1241.9583,1243.257,1.3,1243.2578,1247.2579,right,1,0.501,,,,,,,,,stim/centre.png,stim/congRight.png,-1,right,0,,,,,,0,23,23,0,1,,,,,,,,,
1,,,2026-03-11_19h29.37.075,ant_ver113,2025.2.3,MacIntel,59.52380952,117632,117632,,,,,1247.2584,1248.608,1.35,1248.6087,1252.6071,right,1,0.49,,,,,,,,,stim/centre.png,stim/neutralRight.png,-1,right,0,,,,,,0,24,24,35,1,,,,,,,,,
1,,,2026-03-11_19h29.37.075,ant_ver113,2025.2.3,MacIntel,59.52380952,117632,117632,,,,,1252.6075,1253.5579,0.95,1253.5586,1257.5579,left,1,0.4248,,,,,,,,,stim/upper.png,stim/congLeft.png,1,left,0,,,,,,0,25,25,24,1,,,,,,,,,
1,,,2026-03-11_19h29.37.075,ant_ver113,2025.2.3,MacIntel,59.52380952,117632,117632,,,,,1257.5584,1258.607,1.05,1258.6077,1262.6079,left,1,0.4279,,,,,,,,,stim/lower.png,stim/congLeft.png,-1,left,0,,,,,,0,26,26,12,1,,,,,,,,,
1,,,2026-03-11_19h29.37.075,ant_ver113,2025.2.3,MacIntel,59.52380952,117632,117632,,,,,1262.6084,1264.0579,1.45,1264.0586,1268.0579,right,1,0.6879,,,,,,,,,stim/blank.png,stim/neutralRight.png,1,right,0,,,,,,0,27,27,39,1,,,,,,,,,
1,,,2026-03-11_19h29.37.075,ant_ver113,2025.2.3,MacIntel,59.52380952,117632,117632,,,,,1268.0584,1269.1078,1.05,1269.1085,1273.1078,left,1,0.5425,,,,,,,,,stim/both.png,stim/congLeft.png,-1,left,0,,,,,,0,28,28,5,1,,,,,,,,,
1,,,2026-03-11_19h29.37.075,ant_ver113,2025.2.3,MacIntel,59.52380952,117632,117632,,,,,1273.1084,1273.657,0.55,1273.6577,1277.6579,right,1,0.6325,,,,,,,,,stim/lower.png,stim/congRight.png,-1,right,0,,,,,,0,29,29,43,1,,,,,,,,,
1,,,2026-03-11_19h29.37.075,ant_ver113,2025.2.3,MacIntel,59.52380952,117632,117632,,,,,1277.6584,1278.9579,1.3,1278.9585,1282.9579,right,1,0.5574,,,,,,,,,stim/lower.png,stim/neutralRight.png,-1,right,0,,,,,,0,30,30,28,1,,,,,,,,,
1,,,2026-03-11_19h29.37.075,ant_ver113,2025.2.3,MacIntel,59.52380952,117632,117632,,,,,1282.9583,1284.2069,1.25,1284.2076,1288.207,right,1,0.9817,,,,,,,,,stim/blank.png,stim/congRight.png,1,right,0,,,,,,0,31,31,45,1,,,,,,,,,
1,,,2026-03-11_19h29.37.075,ant_ver113,2025.2.3,MacIntel,59.52380952,117632,117632,,,,,1288.2075,1288.7579,0.55,1288.7586,1292.7578,left,1,0.6145,,,,,,,,,stim/both.png,stim/neutralLeft.png,-1,left,0,,,,,,0,32,32,17,1,,,,,,,,,
1,,,2026-03-11_19h29.37.075,ant_ver113,2025.2.3,MacIntel,59.52380952,117632,117632,,,,,1292.7583,1294.2578,1.5,1294.2585,1298.2578,left,1,0.5481,,,,,,,,,stim/lower.png,stim/incongLeft.png,-1,left,0,,,,,,0,33,33,10,1,,,,,,,,,
1,,,2026-03-11_19h29.37.075,ant_ver113,2025.2.3,MacIntel,59.52380952,117632,117632,,,,,1298.2583,1299.5069,1.25,1299.5076,1303.5078,left,1,0.5655,,,,,,,,,stim/blank.png,stim/neutralLeft.png,1,left,0,,,,,,0,34,34,42,1,,,,,,,,,
1,,,2026-03-11_19h29.37.075,ant_ver113,2025.2.3,MacIntel,59.52380952,117632,117632,,,,,1303.5083,1304.5078,1,1304.5084,1308.5077,right,1,0.6326,,,,,,,,,stim/centre.png,stim/neutralRight.png,1,right,0,,,,,,0,35,35,29,1,,,,,,,,,
1,,,2026-03-11_19h29.37.075,ant_ver113,2025.2.3,MacIntel,59.52380952,117632,117632,,,,,1308.5082,1309.8577,1.35,1309.8583,1313.8576,left,1,0.6294,,,,,,,,,stim/centre.png,stim/congLeft.png,1,left,0,,,,,,0,36,36,4,1,,,,,,,,,
1,,,2026-03-11_19h29.37.075,ant_ver113,2025.2.3,MacIntel,59.52380952,117632,117632,,,,,1313.8581,1314.5577,0.7,1314.5583,1318.5577,right,1,0.5889,,,,,,,,,stim/both.png,stim/congRight.png,1,right,0,,,,,,0,37,37,47,1,,,,,,,,,
1,,,2026-03-11_19h29.37.075,ant_ver113,2025.2.3,MacIntel,59.52380952,117632,117632,,,,,1318.5582,1318.9578,0.4,1318.9584,1322.9577,left,1,1.3873,,,,,,,,,stim/centre.png,stim/neutralLeft.png,-1,left,0,,,,,,0,38,38,14,1,,,,,,,,,
1,,,2026-03-11_19h29.37.075,ant_ver113,2025.2.3,MacIntel,59.52380952,117632,117632,,,,,1322.9582,1324.2577,1.3,1324.2583,1328.2577,left,1,0.5524,,,,,,,,,stim/blank.png,stim/neutralLeft.png,-1,left,0,,,,,,0,39,39,32,1,,,,,,,,,
1,,,2026-03-11_19h29.37.075,ant_ver113,2025.2.3,MacIntel,59.52380952,117632,117632,,,,,1328.2582,1329.3068,1.05,1329.3075,1333.3077,right,1,0.5649,,,,,,,,,stim/centre.png,stim/congRight.png,1,right,0,,,,,,0,40,40,2,1,,,,,,,,,
1,,,2026-03-11_19h29.37.075,ant_ver113,2025.2.3,MacIntel,59.52380952,117632,117632,,,,,1333.3082,1334.6076,1.3,1334.6083,1338.6069,left,1,0.6158,,,,,,,,,stim/both.png,stim/incongLeft.png,1,left,0,,,,,,0,41,41,1,1,,,,,,,,,
1,,,2026-03-11_19h29.37.075,ant_ver113,2025.2.3,MacIntel,59.52380952,117632,117632,,,,,1338.6074,1339.9076,1.3,1339.9083,1343.9077,right,1,0.6349,,,,,,,,,stim/blank.png,stim/incongRight.png,1,right,0,,,,,,0,42,42,40,1,,,,,,,,,
1,,,2026-03-11_19h29.37.075,ant_ver113,2025.2.3,MacIntel,59.52380952,117632,117632,,,,,1343.9081,1344.4076,0.5,1344.4083,1348.4077,left,1,0.7228,,,,,,,,,stim/blank.png,stim/congLeft.png,-1,left,0,,,,,,0,43,43,15,1,,,,,,,,,
1,,,2026-03-11_19h29.37.075,ant_ver113,2025.2.3,MacIntel,59.52380952,117632,117632,,,,,1348.4082,1349.7077,1.3,1349.7082,1353.7077,right,1,0.6846,,,,,,,,,stim/centre.png,stim/incongRight.png,1,right,0,,,,,,0,44,44,26,1,,,,,,,,,
1,,,2026-03-11_19h29.37.075,ant_ver113,2025.2.3,MacIntel,59.52380952,117632,117632,,,,,1353.7082,1354.1076,0.4,1354.1082,1358.1077,right,1,0.5688,,,,,,,,,stim/both.png,stim/neutralRight.png,-1,right,0,,,,,,0,45,45,41,1,,,,,,,,,
1,,,2026-03-11_19h29.37.075,ant_ver113,2025.2.3,MacIntel,59.52380952,117632,117632,,,,,1358.1082,1359.3576,1.25,1359.3583,1363.3577,left,1,0.6604,,,,,,,,,stim/blank.png,stim/congLeft.png,1,left,0,,,,,,0,46,46,6,1,,,,,,,,,
1,,,2026-03-11_19h29.37.075,ant_ver113,2025.2.3,MacIntel,59.52380952,117632,117632,,,,,1363.3582,1364.1077,0.75,1364.1083,1368.1076,left,1,0.6841,,,,,,,,,stim/centre.png,stim/incongLeft.png,-1,left,0,,,,,,0,47,47,21,1,,,,,,,,,
1,,,2026-03-11_19h29.37.075,ant_ver113,2025.2.3,MacIntel,59.52380952,117632,117632,,,,,1368.1081,1369.1575,1.05,1369.1582,1373.1576,right,1,0.6922,,,,,,,,,stim/blank.png,stim/incongRight.png,-1,right,0,,,,,,1,0,48,7,1,,,,,,,,,
1,,,2026-03-11_19h29.37.075,ant_ver113,2025.2.3,MacIntel,59.52380952,117632,117632,,,,,1373.1581,1374.0576,0.9,1374.0583,1378.0576,right,1,0.4997,,,,,,,,,stim/upper.png,stim/congRight.png,1,right,0,,,,,,1,1,49,30,1,,,,,,,,,
1,,,2026-03-11_19h29.37.075,ant_ver113,2025.2.3,MacIntel,59.52380952,117632,117632,,,,,1378.0581,1379.2076,1.15,1379.2082,1383.2075,right,1,0.4941,,,,,,,,,stim/both.png,stim/neutralRight.png,-1,right,0,,,,,,1,2,50,41,1,,,,,,,,,
1,,,2026-03-11_19h29.37.075,ant_ver113,2025.2.3,MacIntel,59.52380952,117632,117632,,,,,1383.208,1384.1575,0.95,1384.1582,1388.1575,right,1,0.6098,,,,,,,,,stim/lower.png,stim/neutralRight.png,-1,right,0,,,,,,1,3,51,28,1,,,,,,,,,
1,,,2026-03-11_19h29.37.075,ant_ver113,2025.2.3,MacIntel,59.52380952,117632,117632,,,,,1388.158,1388.8076,0.65,1388.8083,1392.8075,right,1,0.4768,,,,,,,,,stim/both.png,stim/congRight.png,1,right,0,,,,,,1,4,52,47,1,,,,,,,,,
1,,,2026-03-11_19h29.37.075,ant_ver113,2025.2.3,MacIntel,59.52380952,117632,117632,,,,,1392.808,1394.2076,1.4,1394.2082,1398.2075,right,1,0.5155,,,,,,,,,stim/blank.png,stim/neutralRight.png,-1,right,0,,,,,,1,5,53,36,1,,,,,,,,,
1,,,2026-03-11_19h29.37.075,ant_ver113,2025.2.3,MacIntel,59.52380952,117632,117632,,,,,1398.208,1398.9575,0.75,1398.9582,1402.9574,right,1,0.7175,,,,,,,,,stim/blank.png,stim/incongRight.png,1,right,0,,,,,,1,6,54,40,1,,,,,,,,,
1,,,2026-03-11_19h29.37.075,ant_ver113,2025.2.3,MacIntel,59.52380952,117632,117632,,,,,1402.958,1403.6574,0.7,1403.6581,1407.6575,left,1,0.4922,,,,,,,,,stim/upper.png,stim/neutralLeft.png,1,left,0,,,,,,1,7,55,8,1,,,,,,,,,
1,,,2026-03-11_19h29.37.075,ant_ver113,2025.2.3,MacIntel,59.52380952,117632,117632,,,,,1407.658,1408.1572,0.5,1408.1578,1412.1574,right,1,0.7358,,,,,,,,,stim/upper.png,stim/incongRight.png,1,right,0,,,,,,1,8,56,11,1,,,,,,,,,
1,,,2026-03-11_19h29.37.075,ant_ver113,2025.2.3,MacIntel,59.52380952,117632,117632,,,,,1412.1579,1412.6574,0.5,1412.6581,1416.6574,left,1,0.4936,,,,,,,,,stim/both.png,stim/congLeft.png,1,left,0,,,,,,1,9,57,34,1,,,,,,,,,
1,,,2026-03-11_19h29.37.075,ant_ver113,2025.2.3,MacIntel,59.52380952,117632,117632,,,,,1416.658,1417.5069,0.85,1417.5076,1421.5074,right,1,0.4844,,,,,,,,,stim/lower.png,stim/congRight.png,-1,right,0,,,,,,1,10,58,43,1,,,,,,,,,
1,,,2026-03-11_19h29.37.075,ant_ver113,2025.2.3,MacIntel,59.52380952,117632,117632,,,,,1421.5079,1422.1574,0.65,1422.158,1426.1575,right,1,0.4656,,,,,,,,,stim/blank.png,stim/congRight.png,-1,right,0,,,,,,1,11,59,18,1,,,,,,,,,
1,,,2026-03-11_19h29.37.075,ant_ver113,2025.2.3,MacIntel,59.52380952,117632,117632,,,,,1426.1579,1427.4065,1.25,1427.4071,1431.4075,left,1,0.4255,,,,,,,,,stim/both.png,stim/congLeft.png,-1,left,0,,,,,,1,12,60,5,1,,,,,,,,,
1,,,2026-03-11_19h29.37.075,ant_ver113,2025.2.3,MacIntel,59.52380952,117632,117632,,,,,1431.4079,1432.9574,1.55,1432.9581,1436.9563,left,1,0.401,,,,,,,,,stim/centre.png,stim/neutralLeft.png,1,left,0,,,,,,1,13,61,22,1,,,,,,,,,
1,,,2026-03-11_19h29.37.075,ant_ver113,2025.2.3,MacIntel,59.52380952,117632,117632,,,,,1436.9568,1437.6065,0.65,1437.607,1441.6064,left,1,0.467,,,,,,,,,stim/lower.png,stim/neutralLeft.png,-1,left,0,,,,,,1,14,62,38,1,,,,,,,,,
1,,,2026-03-11_19h29.37.075,ant_ver113,2025.2.3,MacIntel,59.52380952,117632,117632,,,,,1441.6069,1442.2565,0.65,1442.2571,1446.2573,left,1,0.405,,,,,,,,,stim/both.png,stim/neutralLeft.png,1,left,0,,,,,,1,15,63,31,1,,,,,,,,,
1,,,2026-03-11_19h29.37.075,ant_ver113,2025.2.3,MacIntel,59.52380952,117632,117632,,,,,1446.2578,1446.7064,0.45,1446.7071,1450.7074,right,1,0.63,,,,,,,,,stim/both.png,stim/incongRight.png,1,right,0,,,,,,1,16,64,44,1,,,,,,,,,
1,,,2026-03-11_19h29.37.075,ant_ver113,2025.2.3,MacIntel,59.52380952,117632,117632,,,,,1450.7078,1452.2074,1.5,1452.208,1456.2073,right,1,0.5212,,,,,,,,,stim/blank.png,stim/neutralRight.png,1,right,0,,,,,,1,17,65,39,1,,,,,,,,,
1,,,2026-03-11_19h29.37.075,ant_ver113,2025.2.3,MacIntel,59.52380952,117632,117632,,,,,1456.2077,1456.8074,0.6,1456.808,1460.8074,right,1,0.4838,,,,,,,,,stim/centre.png,stim/congRight.png,1,right,0,,,,,,1,18,66,2,1,,,,,,,,,
1,,,2026-03-11_19h29.37.075,ant_ver113,2025.2.3,MacIntel,59.52380952,117632,117632,,,,,1460.8079,1461.7072,0.9,1461.708,1465.7072,left,1,0.7494,,,,,,,,,stim/centre.png,stim/incongLeft.png,1,left,0,,,,,,1,19,67,46,1,,,,,,,,,
1,,,2026-03-11_19h29.37.075,ant_ver113,2025.2.3,MacIntel,59.52380952,117632,117632,,,,,1465.7078,1467.1073,1.4,1467.108,1471.1063,right,1,0.6042,,,,,,,,,stim/lower.png,stim/incongRight.png,-1,right,0,,,,,,1,20,68,19,1,,,,,,,,,
1,,,2026-03-11_19h29.37.075,ant_ver113,2025.2.3,MacIntel,59.52380952,117632,117632,,,,,1471.1068,1472.5072,1.4,1472.5078,1476.5073,left,1,0.6884,,,,,,,,,stim/both.png,stim/incongLeft.png,1,left,0,,,,,,1,21,69,1,1,,,,,,,,,
1,,,2026-03-11_19h29.37.075,ant_ver113,2025.2.3,MacIntel,59.52380952,117632,117632,,,,,1476.5078,1477.9563,1.45,1477.9569,1481.9571,left,1,0.6299,,,,,,,,,stim/both.png,stim/neutralLeft.png,-1,left,0,,,,,,1,22,70,17,1,,,,,,,,,
1,,,2026-03-11_19h29.37.075,ant_ver113,2025.2.3,MacIntel,59.52380952,117632,117632,,,,,1481.9575,1483.1072,1.15,1483.1079,1487.1063,right,1,0.4934,,,,,,,,,stim/centre.png,stim/neutralRight.png,1,right,0,,,,,,1,23,71,29,1,,,,,,,,,
1,,,2026-03-11_19h29.37.075,ant_ver113,2025.2.3,MacIntel,59.52380952,117632,117632,,,,,1487.1069,1487.6571,0.55,1487.6578,1491.6563,right,1,0.5447,,,,,,,,,stim/blank.png,stim/congRight.png,1,right,0,,,,,,1,24,72,45,1,,,,,,,,,
1,,,2026-03-11_19h29.37.075,ant_ver113,2025.2.3,MacIntel,59.52380952,117632,117632,,,,,1491.6568,1492.9072,1.25,1492.9079,1496.9062,right,1,0.4946,,,,,,,,,stim/both.png,stim/congRight.png,-1,right,0,,,,,,1,25,73,13,1,,,,,,,,,
1,,,2026-03-11_19h29.37.075,ant_ver113,2025.2.3,MacIntel,59.52380952,117632,117632,,,,,1496.9066,1497.8572,0.95,1497.8578,1501.8563,left,1,0.4859,,,,,,,,,stim/upper.png,stim/congLeft.png,1,left,0,,,,,,1,26,74,24,1,,,,,,,,,
1,,,2026-03-11_19h29.37.075,ant_ver113,2025.2.3,MacIntel,59.52380952,117632,117632,,,,,1501.8567,1502.8072,0.95,1502.8078,1506.8072,right,1,0.5669,,,,,,,,,stim/centre.png,stim/incongRight.png,1,right,0,,,,,,1,27,75,26,1,,,,,,,,,
1,,,2026-03-11_19h29.37.075,ant_ver113,2025.2.3,MacIntel,59.52380952,117632,117632,,,,,1506.8076,1507.9072,1.1,1507.9078,1511.9072,left,1,0.6839,,,,,,,,,stim/blank.png,stim/neutralLeft.png,1,left,0,,,,,,1,28,76,42,1,,,,,,,,,
1,,,2026-03-11_19h29.37.075,ant_ver113,2025.2.3,MacIntel,59.52380952,117632,117632,,,,,1511.9077,1512.3072,0.4,1512.3078,1516.3071,right,1,0.542,,,,,,,,,stim/both.png,stim/neutralRight.png,1,right,0,,,,,,1,29,77,23,1,,,,,,,,,
1,,,2026-03-11_19h29.37.075,ant_ver113,2025.2.3,MacIntel,59.52380952,117632,117632,,,,,1516.3076,1517.4571,1.15,1517.4578,1521.4561,right,0,0.5424,,,,,,,,,stim/centre.png,stim/incongLeft.png,-1,left,0,,,,,,1,30,78,21,1,,,,,,,,,
1,,,2026-03-11_19h29.37.075,ant_ver113,2025.2.3,MacIntel,59.52380952,117632,117632,,,,,1521.4566,1522.4562,1,1522.4569,1526.4561,left,1,0.5963,,,,,,,,,stim/centre.png,stim/congLeft.png,-1,left,0,,,,,,1,31,79,9,1,,,,,,,,,
1,,,2026-03-11_19h29.37.075,ant_ver113,2025.2.3,MacIntel,59.52380952,117632,117632,,,,,1526.4566,1527.6072,1.15,1527.6078,1531.6071,left,0,0.4762,,,,,,,,,stim/both.png,stim/incongRight.png,-1,right,0,,,,,,1,32,80,3,1,,,,,,,,,
1,,,2026-03-11_19h29.37.075,ant_ver113,2025.2.3,MacIntel,59.52380952,117632,117632,,,,,1531.6076,1533.0071,1.4,1533.0077,1537.0071,left,1,0.4885,,,,,,,,,stim/centre.png,stim/neutralLeft.png,-1,left,0,,,,,,1,33,81,14,1,,,,,,,,,
1,,,2026-03-11_19h29.37.075,ant_ver113,2025.2.3,MacIntel,59.52380952,117632,117632,,,,,1537.0075,1538.4071,1.4,1538.4077,1542.4062,left,1,0.5498,,,,,,,,,stim/blank.png,stim/congLeft.png,1,left,0,,,,,,1,34,82,6,1,,,,,,,,,
1,,,2026-03-11_19h29.37.075,ant_ver113,2025.2.3,MacIntel,59.52380952,117632,117632,,,,,1542.4067,1543.6071,1.2,1543.6077,1547.607,right,1,0.6612,,,,,,,,,stim/centre.png,stim/incongRight.png,-1,right,0,,,,,,1,35,83,25,1,,,,,,,,,
1,,,2026-03-11_19h29.37.075,ant_ver113,2025.2.3,MacIntel,59.52380952,117632,117632,,,,,1547.6076,1548.0571,0.45,1548.0578,1552.0561,left,1,0.7323,,,,,,,,,stim/both.png,stim/incongLeft.png,-1,left,0,,,,,,1,36,84,37,1,,,,,,,,,
1,,,2026-03-11_19h29.37.075,ant_ver113,2025.2.3,MacIntel,59.52380952,117632,117632,,,,,1552.0565,1552.557,0.5,1552.5577,1556.557,left,1,0.5421,,,,,,,,,stim/lower.png,stim/congLeft.png,-1,left,0,,,,,,1,37,85,12,1,,,,,,,,,
1,,,2026-03-11_19h29.37.075,ant_ver113,2025.2.3,MacIntel,59.52380952,117632,117632,,,,,1556.5575,1557.1068,0.55,1557.1075,1561.1064,left,1,0.5342,,,,,,,,,stim/centre.png,stim/congLeft.png,1,left,0,,,,,,1,38,86,4,1,,,,,,,,,
1,,,2026-03-11_19h29.37.075,ant_ver113,2025.2.3,MacIntel,59.52380952,117632,117632,,,,,1561.1069,1561.557,0.45,1561.5576,1565.5561,left,1,0.6265,,,,,,,,,stim/blank.png,stim/incongLeft.png,-1,left,0,,,,,,1,39,87,16,1,,,,,,,,,
1,,,2026-03-11_19h29.37.075,ant_ver113,2025.2.3,MacIntel,59.52380952,117632,117632,,,,,1565.5565,1566.4069,0.85,1566.4077,1570.407,left,1,0.5677,,,,,,,,,stim/lower.png,stim/incongLeft.png,-1,left,0,,,,,,1,40,88,10,1,,,,,,,,,
1,,,2026-03-11_19h29.37.075,ant_ver113,2025.2.3,MacIntel,59.52380952,117632,117632,,,,,1570.4075,1571.7069,1.3,1571.7077,1575.707,right,1,0.5217,,,,,,,,,stim/upper.png,stim/neutralRight.png,1,right,0,,,,,,1,41,89,27,1,,,,,,,,,
1,,,2026-03-11_19h29.37.075,ant_ver113,2025.2.3,MacIntel,59.52380952,117632,117632,,,,,1575.7076,1576.7569,1.05,1576.7576,1580.757,left,1,0.4894,,,,,,,,,stim/upper.png,stim/incongLeft.png,1,left,0,,,,,,1,42,90,33,1,,,,,,,,,
1,,,2026-03-11_19h29.37.075,ant_ver113,2025.2.3,MacIntel,59.52380952,117632,117632,,,,,1580.7575,1581.706,0.95,1581.7067,1585.707,right,1,0.5919,,,,,,,,,stim/centre.png,stim/congRight.png,-1,right,0,,,,,,1,43,91,0,1,,,,,,,,,
1,,,2026-03-11_19h29.37.075,ant_ver113,2025.2.3,MacIntel,59.52380952,117632,117632,,,,,1585.7074,1586.8569,1.15,1586.8576,1590.8569,left,1,0.5087,,,,,,,,,stim/blank.png,stim/congLeft.png,-1,left,0,,,,,,1,44,92,15,1,,,,,,,,,
1,,,2026-03-11_19h29.37.075,ant_ver113,2025.2.3,MacIntel,59.52380952,117632,117632,,,,,1590.8574,1592.257,1.4,1592.2577,1596.2569,right,0,0.5183,,,,,,,,,stim/blank.png,stim/incongLeft.png,1,left,0,,,,,,1,45,93,20,1,,,,,,,,,
1,,,2026-03-11_19h29.37.075,ant_ver113,2025.2.3,MacIntel,59.52380952,117632,117632,,,,,1596.2574,1596.8069,0.55,1596.8076,1600.8069,right,1,0.6331,,,,,,,,,stim/centre.png,stim/neutralRight.png,-1,right,0,,,,,,1,46,94,35,1,,,,,,,,,
1,,,2026-03-11_19h29.37.075,ant_ver113,2025.2.3,MacIntel,59.52380952,117632,117632,,,,,1600.8073,1601.2069,0.4,1601.2075,1605.206,left,1,0.5657,,,,,,,,,stim/blank.png,stim/neutralLeft.png,-1,left,0,,,,,,1,47,95,32,1,,,,,,,,,
1,,,2026-03-11_19h29.37.075,ant_ver113,2025.2.3,MacIntel,59.52380952,117632,117632,,,,,,,,,,,,,,,,,,,,,,,,,,,,,,,,,,,,1605.2076,1679.1905,1,0,1,0,1,,
1,,,2026-03-11_19h29.37.075,ant_ver113,2025.2.3,MacIntel,59.52380952,117632,117632,,,,,1679.2007,1680.3401,1.15,1680.341,1684.3402,right,1,0.7489,,,,,,,,,stim/both.png,stim/congRight.png,1,right,0,,,,,,0,0,0,47,1,,,,,,,,,
1,,,2026-03-11_19h29.37.075,ant_ver113,2025.2.3,MacIntel,59.52380952,117632,117632,,,,,1684.3407,1685.6901,1.35,1685.6906,1689.69,right,1,0.5164,,,,,,,,,stim/upper.png,stim/congRight.png,1,right,0,,,,,,0,1,1,30,1,,,,,,,,,
1,,,2026-03-11_19h29.37.075,ant_ver113,2025.2.3,MacIntel,59.52380952,117632,117632,,,,,1689.6906,1690.2391,0.55,1690.2397,1694.2401,left,1,0.5261,,,,,,,,,stim/blank.png,stim/congLeft.png,1,left,0,,,,,,0,2,2,6,1,,,,,,,,,
1,,,2026-03-11_19h29.37.075,ant_ver113,2025.2.3,MacIntel,59.52380952,117632,117632,,,,,1694.2406,1695.39,1.15,1695.3908,1699.3899,left,1,0.4771,,,,,,,,,stim/centre.png,stim/neutralLeft.png,1,left,0,,,,,,0,3,3,22,1,,,,,,,,,
1,,,2026-03-11_19h29.37.075,ant_ver113,2025.2.3,MacIntel,59.52380952,117632,117632,,,,,1699.3904,1699.9399,0.55,1699.9403,1703.9394,right,1,0.5573,,,,,,,,,stim/both.png,stim/incongRight.png,1,right,0,,,,,,0,4,4,44,1,,,,,,,,,
1,,,2026-03-11_19h29.37.075,ant_ver113,2025.2.3,MacIntel,59.52380952,117632,117632,,,,,1703.9399,1705.4892,1.55,1705.4899,1709.4896,left,1,0.6,,,,,,,,,stim/blank.png,stim/congLeft.png,-1,left,0,,,,,,0,5,5,15,1,,,,,,,,,
1,,,2026-03-11_19h29.37.075,ant_ver113,2025.2.3,MacIntel,59.52380952,117632,117632,,,,,1709.4902,1710.44,0.95,1710.4406,1714.4391,left,0,0.4878,,,,,,,,,stim/centre.png,stim/incongRight.png,-1,right,0,,,,,,0,6,6,25,1,,,,,,,,,
1,,,2026-03-11_19h29.37.075,ant_ver113,2025.2.3,MacIntel,59.52380952,117632,117632,,,,,1714.4395,1715.84,1.4,1715.8407,1719.8391,left,1,0.51,,,,,,,,,stim/both.png,stim/neutralLeft.png,-1,left,0,,,,,,0,7,7,17,1,,,,,,,,,
1,,,2026-03-11_19h29.37.075,ant_ver113,2025.2.3,MacIntel,59.52380952,117632,117632,,,,,1719.8395,1721.2399,1.4,1721.2406,1725.2399,left,1,0.5049,,,,,,,,,stim/blank.png,stim/neutralLeft.png,-1,left,0,,,,,,0,8,8,32,1,,,,,,,,,
1,,,2026-03-11_19h29.37.075,ant_ver113,2025.2.3,MacIntel,59.52380952,117632,117632,,,,,1725.2403,1726.4898,1.25,1726.4905,1730.489,left,1,0.6008,,,,,,,,,stim/blank.png,stim/neutralLeft.png,1,left,0,,,,,,0,9,9,42,1,,,,,,,,,
1,,,2026-03-11_19h29.37.075,ant_ver113,2025.2.3,MacIntel,59.52380952,117632,117632,,,,,1730.4895,1732.0399,1.55,1732.0405,1736.0399,left,1,0.5167,,,,,,,,,stim/both.png,stim/neutralLeft.png,1,left,0,,,,,,0,10,10,31,1,,,,,,,,,
1,,,2026-03-11_19h29.37.075,ant_ver113,2025.2.3,MacIntel,59.52380952,117632,117632,,,,,1736.0404,1737.04,1,1737.0408,1741.0398,right,1,0.5819,,,,,,,,,stim/upper.png,stim/incongRight.png,1,right,0,,,,,,0,11,11,11,1,,,,,,,,,
1,,,2026-03-11_19h29.37.075,ant_ver113,2025.2.3,MacIntel,59.52380952,117632,117632,,,,,1741.0404,1741.6399,0.6,1741.6406,1745.6396,right,1,0.642,,,,,,,,,stim/blank.png,stim/neutralRight.png,1,right,0,,,,,,0,12,12,39,1,,,,,,,,,
1,,,2026-03-11_19h29.37.075,ant_ver113,2025.2.3,MacIntel,59.52380952,117632,117632,,,,,1745.64,1746.6398,1,1746.6406,1750.6399,left,1,0.5832,,,,,,,,,stim/lower.png,stim/neutralLeft.png,-1,left,0,,,,,,0,13,13,38,1,,,,,,,,,
1,,,2026-03-11_19h29.37.075,ant_ver113,2025.2.3,MacIntel,59.52380952,117632,117632,,,,,1750.6403,1751.1898,0.55,1751.1905,1755.1898,right,1,0.5686,,,,,,,,,stim/both.png,stim/incongRight.png,-1,right,0,,,,,,0,14,14,3,1,,,,,,,,,
1,,,2026-03-11_19h29.37.075,ant_ver113,2025.2.3,MacIntel,59.52380952,117632,117632,,,,,1755.1904,1756.3397,1.15,1756.3404,1760.3398,right,1,0.6016,,,,,,,,,stim/blank.png,stim/neutralRight.png,-1,right,0,,,,,,0,15,15,36,1,,,,,,,,,
1,,,2026-03-11_19h29.37.075,ant_ver113,2025.2.3,MacIntel,59.52380952,117632,117632,,,,,1760.3403,1760.8398,0.5,1760.8404,1764.8398,left,1,0.7183,,,,,,,,,stim/blank.png,stim/incongLeft.png,-1,left,0,,,,,,0,16,16,16,1,,,,,,,,,
1,,,2026-03-11_19h29.37.075,ant_ver113,2025.2.3,MacIntel,59.52380952,117632,117632,,,,,1764.8403,1765.4898,0.65,1765.4905,1769.4899,right,1,0.4758,,,,,,,,,stim/both.png,stim/neutralRight.png,1,right,0,,,,,,0,17,17,23,1,,,,,,,,,
1,,,2026-03-11_19h29.37.075,ant_ver113,2025.2.3,MacIntel,59.52380952,117632,117632,,,,,1769.4904,1770.2398,0.75,1770.2403,1774.2398,right,1,0.5682,,,,,,,,,stim/centre.png,stim/neutralRight.png,-1,right,0,,,,,,0,18,18,35,1,,,,,,,,,
1,,,2026-03-11_19h29.37.075,ant_ver113,2025.2.3,MacIntel,59.52380952,117632,117632,,,,,1774.2403,1775.4898,1.25,1775.4903,1779.4895,left,1,0.7603,,,,,,,,,stim/upper.png,stim/incongLeft.png,1,left,0,,,,,,0,19,19,33,1,,,,,,,,,
1,,,2026-03-11_19h29.37.075,ant_ver113,2025.2.3,MacIntel,59.52380952,117632,117632,,,,,1779.4898,1780.0896,0.6,1780.0904,1784.0897,right,1,0.6924,,,,,,,,,stim/centre.png,stim/incongRight.png,1,right,0,,,,,,0,20,20,26,1,,,,,,,,,
1,,,2026-03-11_19h29.37.075,ant_ver113,2025.2.3,MacIntel,59.52380952,117632,117632,,,,,1784.0902,1784.7397,0.65,1784.7404,1788.7397,left,1,0.9629,,,,,,,,,stim/centre.png,stim/congLeft.png,-1,left,0,,,,,,0,21,21,9,1,,,,,,,,,
1,,,2026-03-11_19h29.37.075,ant_ver113,2025.2.3,MacIntel,59.52380952,117632,117632,,,,,1788.7402,1789.5398,0.8,1789.5404,1793.5387,left,1,0.6002,,,,,,,,,stim/centre.png,stim/congLeft.png,1,left,0,,,,,,0,22,22,4,1,,,,,,,,,
1,,,2026-03-11_19h29.37.075,ant_ver113,2025.2.3,MacIntel,59.52380952,117632,117632,,,,,1793.5392,1794.1397,0.6,1794.1403,1798.1387,right,1,0.5834,,,,,,,,,stim/centre.png,stim/neutralRight.png,1,right,0,,,,,,0,23,23,29,1,,,,,,,,,
1,,,2026-03-11_19h29.37.075,ant_ver113,2025.2.3,MacIntel,59.52380952,117632,117632,,,,,1798.1393,1799.4397,1.3,1799.4403,1803.4397,left,1,0.5587,,,,,,,,,stim/both.png,stim/incongLeft.png,1,left,0,,,,,,0,24,24,1,1,,,,,,,,,
1,,,2026-03-11_19h29.37.075,ant_ver113,2025.2.3,MacIntel,59.52380952,117632,117632,,,,,1803.4402,1804.0397,0.6,1804.0403,1808.0387,right,1,0.5414,,,,,,,,,stim/upper.png,stim/neutralRight.png,1,right,0,,,,,,0,25,25,27,1,,,,,,,,,
1,,,2026-03-11_19h29.37.075,ant_ver113,2025.2.3,MacIntel,59.52380952,117632,117632,,,,,1808.0392,1808.9897,0.95,1808.9903,1812.9896,left,1,0.6123,,,,,,,,,stim/upper.png,stim/neutralLeft.png,1,left,0,,,,,,0,26,26,8,1,,,,,,,,,
1,,,2026-03-11_19h29.37.075,ant_ver113,2025.2.3,MacIntel,59.52380952,117632,117632,,,,,1812.99,1814.3387,1.35,1814.3393,1818.3387,left,1,0.7656,,,,,,,,,stim/both.png,stim/congLeft.png,-1,left,0,,,,,,0,27,27,5,1,,,,,,,,,
1,,,2026-03-11_19h29.37.075,ant_ver113,2025.2.3,MacIntel,59.52380952,117632,117632,,,,,1818.3392,1818.8397,0.5,1818.8403,1822.8396,right,1,0.8939,,,,,,,,,stim/blank.png,stim/congRight.png,-1,right,0,,,,,,0,28,28,18,1,,,,,,,,,
1,,,2026-03-11_19h29.37.075,ant_ver113,2025.2.3,MacIntel,59.52380952,117632,117632,,,,,1822.8401,1823.7891,0.95,1823.7898,1827.7897,left,1,0.7994,,,,,,,,,stim/centre.png,stim/incongLeft.png,1,left,0,,,,,,0,29,29,46,1,,,,,,,,,
1,,,2026-03-11_19h29.37.075,ant_ver113,2025.2.3,MacIntel,59.52380952,117632,117632,,,,,1827.7901,1829.1395,1.35,1829.1402,1833.1396,right,1,0.6959,,,,,,,,,stim/centre.png,stim/congRight.png,-1,right,0,,,,,,0,30,30,0,1,,,,,,,,,
1,,,2026-03-11_19h29.37.075,ant_ver113,2025.2.3,MacIntel,59.52380952,117632,117632,,,,,1833.14,1833.5386,0.4,1833.5393,1837.5396,right,1,0.751,,,,,,,,,stim/lower.png,stim/congRight.png,-1,right,0,,,,,,0,31,31,43,1,,,,,,,,,
1,,,2026-03-11_19h29.37.075,ant_ver113,2025.2.3,MacIntel,59.52380952,117632,117632,,,,,1837.54,1838.8396,1.3,1838.8403,1842.8396,left,1,0.5443,,,,,,,,,stim/both.png,stim/congLeft.png,1,left,0,,,,,,0,32,32,34,1,,,,,,,,,
1,,,2026-03-11_19h29.37.075,ant_ver113,2025.2.3,MacIntel,59.52380952,117632,117632,,,,,1842.8401,1843.3395,0.5,1843.3403,1847.3396,right,1,0.715,,,,,,,,,stim/blank.png,stim/incongRight.png,1,right,0,,,,,,0,33,33,40,1,,,,,,,,,
1,,,2026-03-11_19h29.37.075,ant_ver113,2025.2.3,MacIntel,59.52380952,117632,117632,,,,,1847.34,1848.7395,1.4,1848.7402,1852.7395,right,1,0.8334,,,,,,,,,stim/lower.png,stim/incongRight.png,-1,right,0,,,,,,0,34,34,19,1,,,,,,,,,
1,,,2026-03-11_19h29.37.075,ant_ver113,2025.2.3,MacIntel,59.52380952,117632,117632,,,,,1852.74,1853.6896,0.95,1853.6903,1857.6895,left,1,0.7153,,,,,,,,,stim/centre.png,stim/neutralLeft.png,-1,left,0,,,,,,0,35,35,14,1,,,,,,,,,
1,,,2026-03-11_19h29.37.075,ant_ver113,2025.2.3,MacIntel,59.52380952,117632,117632,,,,,1857.6901,1858.2385,0.55,1858.2393,1862.2395,right,1,0.6803,,,,,,,,,stim/centre.png,stim/congRight.png,1,right,0,,,,,,0,36,36,2,1,,,,,,,,,
1,,,2026-03-11_19h29.37.075,ant_ver113,2025.2.3,MacIntel,59.52380952,117632,117632,,,,,1862.2398,1863.7396,1.5,1863.7403,1867.7395,left,1,0.6422,,,,,,,,,stim/lower.png,stim/incongLeft.png,-1,left,0,,,,,,0,37,37,10,1,,,,,,,,,
1,,,2026-03-11_19h29.37.075,ant_ver113,2025.2.3,MacIntel,59.52380952,117632,117632,,,,,1867.7401,1869.1396,1.4,1869.1402,1873.1396,left,1,0.9229,,,,,,,,,stim/centre.png,stim/incongLeft.png,-1,left,0,,,,,,0,38,38,21,1,,,,,,,,,
1,,,2026-03-11_19h29.37.075,ant_ver113,2025.2.3,MacIntel,59.52380952,117632,117632,,,,,1873.1401,1874.6396,1.5,1874.6403,1878.6386,left,1,0.9036,,,,,,,,,stim/lower.png,stim/congLeft.png,-1,left,0,,,,,,0,39,39,12,1,,,,,,,,,
1,,,2026-03-11_19h29.37.075,ant_ver113,2025.2.3,MacIntel,59.52380952,117632,117632,,,,,1878.6391,1880.1386,1.5,1880.1392,1884.1395,right,1,0.6689,,,,,,,,,stim/both.png,stim/congRight.png,-1,right,0,,,,,,0,40,40,13,1,,,,,,,,,
1,,,2026-03-11_19h29.37.075,ant_ver113,2025.2.3,MacIntel,59.52380952,117632,117632,,,,,1884.14,1885.6886,1.55,1885.6892,1889.6895,right,1,0.6104,,,,,,,,,stim/lower.png,stim/neutralRight.png,-1,right,0,,,,,,0,41,41,28,1,,,,,,,,,
1,,,2026-03-11_19h29.37.075,ant_ver113,2025.2.3,MacIntel,59.52380952,117632,117632,,,,,1889.6899,1890.3394,0.65,1890.3401,1894.3394,right,1,0.7769,,,,,,,,,stim/blank.png,stim/congRight.png,1,right,0,,,,,,0,42,42,45,1,,,,,,,,,
1,,,2026-03-11_19h29.37.075,ant_ver113,2025.2.3,MacIntel,59.52380952,117632,117632,,,,,1894.34,1895.1394,0.8,1895.1401,1899.1395,left,1,0.8065,,,,,,,,,stim/blank.png,stim/incongLeft.png,1,left,0,,,,,,0,43,43,20,1,,,,,,,,,
1,,,2026-03-11_19h29.37.075,ant_ver113,2025.2.3,MacIntel,59.52380952,117632,117632,,,,,1899.14,1899.6894,0.55,1899.69,1903.6893,right,1,1.0846,,,,,,,,,stim/blank.png,stim/incongRight.png,-1,right,0,,,,,,0,44,44,7,1,,,,,,,,,
1,,,2026-03-11_19h29.37.075,ant_ver113,2025.2.3,MacIntel,59.52380952,117632,117632,,,,,1903.6898,1904.7385,1.05,1904.7391,1908.7394,right,1,0.5756,,,,,,,,,stim/both.png,stim/neutralRight.png,-1,right,0,,,,,,0,45,45,41,1,,,,,,,,,
1,,,2026-03-11_19h29.37.075,ant_ver113,2025.2.3,MacIntel,59.52380952,117632,117632,,,,,1908.7398,1909.9394,1.2,1909.94,1913.9384,left,1,0.7726,,,,,,,,,stim/both.png,stim/incongLeft.png,-1,left,0,,,,,,0,46,46,37,1,,,,,,,,,
1,,,2026-03-11_19h29.37.075,ant_ver113,2025.2.3,MacIntel,59.52380952,117632,117632,,,,,1913.9389,1914.8885,0.95,1914.8891,1918.8893,left,1,0.6992,,,,,,,,,stim/upper.png,stim/congLeft.png,1,left,0,,,,,,0,47,47,24,1,,,,,,,,,
1,,,2026-03-11_19h29.37.075,ant_ver113,2025.2.3,MacIntel,59.52380952,117632,117632,,,,,1918.8898,1920.4394,1.55,1920.44,1924.4384,right,1,0.7001,,,,,,,,,stim/centre.png,stim/neutralRight.png,1,right,0,,,,,,1,0,48,29,1,,,,,,,,,
1,,,2026-03-11_19h29.37.075,ant_ver113,2025.2.3,MacIntel,59.52380952,117632,117632,,,,,1924.4389,1925.7893,1.35,1925.79,1929.7893,right,1,0.6794,,,,,,,,,stim/centre.png,stim/incongRight.png,-1,right,0,,,,,,1,1,49,25,1,,,,,,,,,
1,,,2026-03-11_19h29.37.075,ant_ver113,2025.2.3,MacIntel,59.52380952,117632,117632,,,,,1929.7898,1931.0894,1.3,1931.09,1935.0893,right,1,0.6325,,,,,,,,,stim/both.png,stim/neutralRight.png,1,right,0,,,,,,1,2,50,23,1,,,,,,,,,
1,,,2026-03-11_19h29.37.075,ant_ver113,2025.2.3,MacIntel,59.52380952,117632,117632,,,,,1935.0898,1936.0393,0.95,1936.04,1940.0393,right,1,0.6226,,,,,,,,,stim/blank.png,stim/incongRight.png,1,right,0,,,,,,1,3,51,40,1,,,,,,,,,
1,,,2026-03-11_19h29.37.075,ant_ver113,2025.2.3,MacIntel,59.52380952,117632,117632,,,,,1940.0398,1940.7893,0.75,1940.79,1944.7894,right,1,0.5089,,,,,,,,,stim/centre.png,stim/neutralRight.png,-1,right,0,,,,,,1,4,52,35,1,,,,,,,,,
1,,,2026-03-11_19h29.37.075,ant_ver113,2025.2.3,MacIntel,59.52380952,117632,117632,,,,,1944.7899,1945.6894,0.9,1945.6901,1949.6893,left,1,0.5249,,,,,,,,,stim/lower.png,stim/congLeft.png,-1,left,0,,,,,,1,5,53,12,1,,,,,,,,,
1,,,2026-03-11_19h29.37.075,ant_ver113,2025.2.3,MacIntel,59.52380952,117632,117632,,,,,1949.6897,1951.2393,1.55,1951.24,1955.2392,left,1,0.6894,,,,,,,,,stim/blank.png,stim/neutralLeft.png,1,left,0,,,,,,1,6,54,42,1,,,,,,,,,
1,,,2026-03-11_19h29.37.075,ant_ver113,2025.2.3,MacIntel,59.52380952,117632,117632,,,,,1955.2398,1956.1893,0.95,1956.19,1960.1894,right,1,0.4885,,,,,,,,,stim/upper.png,stim/congRight.png,1,right,0,,,,,,1,7,55,30,1,,,,,,,,,
1,,,2026-03-11_19h29.37.075,ant_ver113,2025.2.3,MacIntel,59.52380952,117632,117632,,,,,1960.1898,1961.0893,0.9,1961.0899,1965.0892,right,1,0.6667,,,,,,,,,stim/both.png,stim/incongRight.png,1,right,0,,,,,,1,8,56,44,1,,,,,,,,,
1,,,2026-03-11_19h29.37.075,ant_ver113,2025.2.3,MacIntel,59.52380952,117632,117632,,,,,1965.0897,1965.7892,0.7,1965.79,1969.7892,right,1,0.5688,,,,,,,,,stim/lower.png,stim/congRight.png,-1,right,0,,,,,,1,9,57,43,1,,,,,,,,,
1,,,2026-03-11_19h29.37.075,ant_ver113,2025.2.3,MacIntel,59.52380952,117632,117632,,,,,1969.7897,1970.3893,0.6,1970.3899,1974.3892,left,1,0.6372,,,,,,,,,stim/centre.png,stim/incongLeft.png,-1,left,0,,,,,,1,10,58,21,1,,,,,,,,,
1,,,2026-03-11_19h29.37.075,ant_ver113,2025.2.3,MacIntel,59.52380952,117632,117632,,,,,1974.3897,1974.8392,0.45,1974.8399,1978.8383,left,1,0.4991,,,,,,,,,stim/lower.png,stim/neutralLeft.png,-1,left,0,,,,,,1,11,59,38,1,,,,,,,,,
1,,,2026-03-11_19h29.37.075,ant_ver113,2025.2.3,MacIntel,59.52380952,117632,117632,,,,,1978.8388,1979.6393,0.8,1979.6399,1983.6393,right,1,0.5272,,,,,,,,,stim/both.png,stim/congRight.png,-1,right,0,,,,,,1,12,60,13,1,,,,,,,,,
1,,,2026-03-11_19h29.37.075,ant_ver113,2025.2.3,MacIntel,59.52380952,117632,117632,,,,,1983.6397,1984.6392,1,1984.6398,1988.6384,right,1,0.7416,,,,,,,,,stim/blank.png,stim/incongRight.png,-1,right,0,,,,,,1,13,61,7,1,,,,,,,,,
1,,,2026-03-11_19h29.37.075,ant_ver113,2025.2.3,MacIntel,59.52380952,117632,117632,,,,,1988.6388,1989.7882,1.15,1989.789,1993.7893,right,1,0.5599,,,,,,,,,stim/upper.png,stim/neutralRight.png,1,right,0,,,,,,1,14,62,27,1,,,,,,,,,
1,,,2026-03-11_19h29.37.075,ant_ver113,2025.2.3,MacIntel,59.52380952,117632,117632,,,,,1993.7898,1994.6881,0.9,1994.6887,1998.6883,left,1,0.7701,,,,,,,,,stim/blank.png,stim/neutralLeft.png,-1,left,0,,,,,,1,15,63,32,1,,,,,,,,,
1,,,2026-03-11_19h29.37.075,ant_ver113,2025.2.3,MacIntel,59.52380952,117632,117632,,,,,1998.6887,1999.8892,1.2,1999.8899,2003.8885,left,1,1.075,,,,,,,,,stim/both.png,stim/congLeft.png,-1,left,0,,,,,,1,16,64,5,1,,,,,,,,,
1,,,2026-03-11_19h29.37.075,ant_ver113,2025.2.3,MacIntel,59.52380952,117632,117632,,,,,2003.8889,2005.3382,1.45,2005.3388,2009.3382,right,1,0.5751,,,,,,,,,stim/blank.png,stim/neutralRight.png,-1,right,0,,,,,,1,17,65,36,1,,,,,,,,,
1,,,2026-03-11_19h29.37.075,ant_ver113,2025.2.3,MacIntel,59.52380952,117632,117632,,,,,2009.3387,2009.7891,0.45,2009.7898,2013.7891,right,1,0.5433,,,,,,,,,stim/both.png,stim/neutralRight.png,-1,right,0,,,,,,1,18,66,41,1,,,,,,,,,
1,,,2026-03-11_19h29.37.075,ant_ver113,2025.2.3,MacIntel,59.52380952,117632,117632,,,,,2013.7895,2014.9891,1.2,2014.9898,2018.9891,right,1,0.6565,,,,,,,,,stim/blank.png,stim/neutralRight.png,1,right,0,,,,,,1,19,67,39,1,,,,,,,,,
1,,,2026-03-11_19h29.37.075,ant_ver113,2025.2.3,MacIntel,59.52380952,117632,117632,,,,,2018.9895,2019.5892,0.6,2019.59,2023.5891,right,1,0.7081,,,,,,,,,stim/upper.png,stim/incongRight.png,1,right,0,,,,,,1,20,68,11,1,,,,,,,,,
1,,,2026-03-11_19h29.37.075,ant_ver113,2025.2.3,MacIntel,59.52380952,117632,117632,,,,,2023.5896,2024.9391,1.35,2024.9395,2028.9382,left,1,0.566,,,,,,,,,stim/both.png,stim/neutralLeft.png,1,left,0,,,,,,1,21,69,31,1,,,,,,,,,
1,,,2026-03-11_19h29.37.075,ant_ver113,2025.2.3,MacIntel,59.52380952,117632,117632,,,,,2028.9387,2029.5891,0.65,2029.5897,2033.5892,left,1,0.5665,,,,,,,,,stim/centre.png,stim/neutralLeft.png,1,left,0,,,,,,1,22,70,22,1,,,,,,,,,
1,,,2026-03-11_19h29.37.075,ant_ver113,2025.2.3,MacIntel,59.52380952,117632,117632,,,,,2033.5897,2034.5891,1,2034.5897,2038.589,left,1,0.5213,,,,,,,,,stim/centre.png,stim/neutralLeft.png,-1,left,0,,,,,,1,23,71,14,1,,,,,,,,,
1,,,2026-03-11_19h29.37.075,ant_ver113,2025.2.3,MacIntel,59.52380952,117632,117632,,,,,2038.5895,2039.3381,0.75,2039.3389,2043.339,left,1,0.734,,,,,,,,,stim/blank.png,stim/incongLeft.png,1,left,0,,,,,,1,24,72,20,1,,,,,,,,,
1,,,2026-03-11_19h29.37.075,ant_ver113,2025.2.3,MacIntel,59.52380952,117632,117632,,,,,2043.3396,2044.889,1.55,2044.8897,2048.889,left,1,0.9501,,,,,,,,,stim/blank.png,stim/incongLeft.png,-1,left,0,,,,,,1,25,73,16,1,,,,,,,,,
1,,,2026-03-11_19h29.37.075,ant_ver113,2025.2.3,MacIntel,59.52380952,117632,117632,,,,,2048.8895,2049.9391,1.05,2049.9398,2053.939,left,1,0.6606,,,,,,,,,stim/both.png,stim/incongLeft.png,-1,left,0,,,,,,1,26,74,37,1,,,,,,,,,
1,,,2026-03-11_19h29.37.075,ant_ver113,2025.2.3,MacIntel,59.52380952,117632,117632,,,,,2053.9395,2055.489,1.55,2055.4896,2059.489,left,1,0.6609,,,,,,,,,stim/centre.png,stim/incongLeft.png,1,left,0,,,,,,1,27,75,46,1,,,,,,,,,
1,,,2026-03-11_19h29.37.075,ant_ver113,2025.2.3,MacIntel,59.52380952,117632,117632,,,,,2059.4896,2060.539,1.05,2060.5397,2064.539,right,1,0.5571,,,,,,,,,stim/lower.png,stim/neutralRight.png,-1,right,0,,,,,,1,28,76,28,1,,,,,,,,,
1,,,2026-03-11_19h29.37.075,ant_ver113,2025.2.3,MacIntel,59.52380952,117632,117632,,,,,2064.5395,2065.2381,0.7,2065.2388,2069.2381,right,1,0.5848,,,,,,,,,stim/both.png,stim/congRight.png,1,right,0,,,,,,1,29,77,47,1,,,,,,,,,
1,,,2026-03-11_19h29.37.075,ant_ver113,2025.2.3,MacIntel,59.52380952,117632,117632,,,,,2069.2386,2070.789,1.55,2070.79,2074.7889,left,1,0.5108,,,,,,,,,stim/upper.png,stim/congLeft.png,1,left,0,,,,,,1,30,78,24,1,,,,,,,,,
1,,,2026-03-11_19h29.37.075,ant_ver113,2025.2.3,MacIntel,59.52380952,117632,117632,,,,,2074.7895,2076.3389,1.55,2076.3397,2080.338,left,1,0.6562,,,,,,,,,stim/upper.png,stim/incongLeft.png,1,left,0,,,,,,1,31,79,33,1,,,,,,,,,
1,,,2026-03-11_19h29.37.075,ant_ver113,2025.2.3,MacIntel,59.52380952,117632,117632,,,,,2080.3385,2081.8889,1.55,2081.8897,2085.889,left,0,0.4947,,,,,,,,,stim/both.png,stim/incongRight.png,-1,right,0,,,,,,1,32,80,3,1,,,,,,,,,
1,,,2026-03-11_19h29.37.075,ant_ver113,2025.2.3,MacIntel,59.52380952,117632,117632,,,,,2085.8895,2086.9389,1.05,2086.9396,2090.9388,left,1,0.5757,,,,,,,,,stim/centre.png,stim/congLeft.png,1,left,0,,,,,,1,33,81,4,1,,,,,,,,,
1,,,2026-03-11_19h29.37.075,ant_ver113,2025.2.3,MacIntel,59.52380952,117632,117632,,,,,2090.9392,2092.1889,1.25,2092.1895,2096.1889,left,1,0.6281,,,,,,,,,stim/centre.png,stim/congLeft.png,-1,left,0,,,,,,1,34,82,9,1,,,,,,,,,
1,,,2026-03-11_19h29.37.075,ant_ver113,2025.2.3,MacIntel,59.52380952,117632,117632,,,,,2096.1893,2096.7388,0.55,2096.7396,2100.7388,right,1,0.6898,,,,,,,,,stim/centre.png,stim/congRight.png,-1,right,0,,,,,,1,35,83,0,1,,,,,,,,,
1,,,2026-03-11_19h29.37.075,ant_ver113,2025.2.3,MacIntel,59.52380952,117632,117632,,,,,2100.7394,2102.088,1.35,2102.0886,2106.0889,left,1,0.6423,,,,,,,,,stim/blank.png,stim/congLeft.png,1,left,0,,,,,,1,36,84,6,1,,,,,,,,,
1,,,2026-03-11_19h29.37.075,ant_ver113,2025.2.3,MacIntel,59.52380952,117632,117632,,,,,2106.0894,2106.8388,0.75,2106.8394,2110.8388,left,1,0.4834,,,,,,,,,stim/both.png,stim/congLeft.png,1,left,0,,,,,,1,37,85,34,1,,,,,,,,,
1,,,2026-03-11_19h29.37.075,ant_ver113,2025.2.3,MacIntel,59.52380952,117632,117632,,,,,2110.8393,2111.3888,0.55,2111.3895,2115.388,left,1,0.7235,,,,,,,,,stim/both.png,stim/incongLeft.png,1,left,0,,,,,,1,38,86,1,1,,,,,,,,,
1,,,2026-03-11_19h29.37.075,ant_ver113,2025.2.3,MacIntel,59.52380952,117632,117632,,,,,2115.3885,2115.9388,0.55,2115.9395,2119.9379,right,1,0.6674,,,,,,,,,stim/blank.png,stim/congRight.png,-1,right,0,,,,,,1,39,87,18,1,,,,,,,,,
1,,,2026-03-11_19h29.37.075,ant_ver113,2025.2.3,MacIntel,59.52380952,117632,117632,,,,,2119.9385,2120.5388,0.6,2120.5396,2124.5387,right,1,0.6666,,,,,,,,,stim/centre.png,stim/congRight.png,1,right,0,,,,,,1,40,88,2,1,,,,,,,,,
1,,,2026-03-11_19h29.37.075,ant_ver113,2025.2.3,MacIntel,59.52380952,117632,117632,,,,,2124.5393,2125.9379,1.4,2125.9385,2129.9387,right,1,0.6981,,,,,,,,,stim/lower.png,stim/incongRight.png,-1,right,0,,,,,,1,41,89,19,1,,,,,,,,,
1,,,2026-03-11_19h29.37.075,ant_ver113,2025.2.3,MacIntel,59.52380952,117632,117632,,,,,2129.9392,2130.4887,0.55,2130.4894,2134.4879,right,1,0.7183,,,,,,,,,stim/centre.png,stim/incongRight.png,1,right,0,,,,,,1,42,90,26,1,,,,,,,,,
1,,,2026-03-11_19h29.37.075,ant_ver113,2025.2.3,MacIntel,59.52380952,117632,117632,,,,,2134.4884,2135.3887,0.9,2135.3895,2139.3885,right,1,0.6669,,,,,,,,,stim/blank.png,stim/congRight.png,1,right,0,,,,,,1,43,91,45,1,,,,,,,,,
1,,,2026-03-11_19h29.37.075,ant_ver113,2025.2.3,MacIntel,59.52380952,117632,117632,,,,,2139.3888,2139.8379,0.45,2139.8386,2143.8387,left,1,0.6758,,,,,,,,,stim/upper.png,stim/neutralLeft.png,1,left,0,,,,,,1,44,92,8,1,,,,,,,,,
1,,,2026-03-11_19h29.37.075,ant_ver113,2025.2.3,MacIntel,59.52380952,117632,117632,,,,,2143.8393,2144.7379,0.9,2144.7386,2148.7379,left,1,0.5432,,,,,,,,,stim/both.png,stim/neutralLeft.png,-1,left,0,,,,,,1,45,93,17,1,,,,,,,,,
1,,,2026-03-11_19h29.37.075,ant_ver113,2025.2.3,MacIntel,59.52380952,117632,117632,,,,,2148.7385,2150.1887,1.45,2150.1894,2154.1878,left,1,0.6155,,,,,,,,,stim/lower.png,stim/incongLeft.png,-1,left,0,,,,,,1,46,94,10,1,,,,,,,,,
1,,,2026-03-11_19h29.37.075,ant_ver113,2025.2.3,MacIntel,59.52380952,117632,117632,,,,,2154.1883,2155.0887,0.9,2155.0893,2159.0887,left,1,0.6366,,,,,,,,,stim/blank.png,stim/congLeft.png,-1,left,0,,,,,,1,47,95,15,1,,,,,,,,,
1,,,2026-03-11_19h29.37.075,ant_ver113,2025.2.3,MacIntel,59.52380952,117632,117632,,,,,,,,,,,,,,,,,,,,,,,,,,,,,,,,,,,,2159.0896,2159.0909,2,0,2,0,1,,
1,,,2026-03-11_19h29.37.075,ant_ver113,2025.2.3,MacIntel,59.52380952,117632,117632,,,,,,,,,,,,,,,,,,,,,,,,,,,,,,,,,,,,,,,,,,,2159.0911,2163.4558
